1.048	9.99569
1.049	9.78957
1.05	9.59163
1.051	9.40139
1.052	9.2184
1.053	9.04225
1.054	8.87256
1.055	8.70898
1.056	8.55118
1.057	8.39886
1.058	8.25173
1.059	8.10953
1.06	7.97201
1.061	7.83895
1.062	7.71012
1.063	7.58533
1.064	7.46439
1.065	7.34711
1.066	7.23334
1.067	7.12291
1.068	7.01568
1.069	6.91151
1.07	6.81026
1.071	6.71182
1.072	6.61606
1.073	6.52288
1.074	6.43218
1.075	6.34384
1.076	6.25779
1.077	6.17392
1.078	6.09217
1.079	6.01243
1.08	5.93465
1.081	5.85875
1.082	5.78465
1.083	5.7123
1.084	5.64163
1.085	5.57258
1.086	5.5051
1.087	5.43913
1.088	5.37462
1.089	5.31152
1.09	5.24978
1.091	5.18936
1.092	5.13022
1.093	5.07231
1.094	5.01559
1.095	4.96004
1.096	4.9056
1.097	4.85225
1.098	4.79996
1.099	4.74868
1.1	4.6984
1.101	4.64907
1.102	4.60068
1.103	4.55319
1.104	4.50659
1.105	4.46084
1.106	4.41591
1.107	4.3718
1.108	4.32847
1.109	4.2859
1.11	4.24407
1.111	4.20296
1.112	4.16256
1.113	4.12284
1.114	4.08379
1.115	4.04538
1.116	4.00761
1.117	3.97045
1.118	3.93389
1.119	3.89792
1.12	3.86251
1.121	3.82766
1.122	3.79336
1.123	3.75958
1.124	3.72632
1.125	3.69356
1.126	3.66129
1.127	3.6295
1.128	3.59818
1.129	3.56732
1.13	3.5369
1.131	3.50693
1.132	3.47738
1.133	3.44824
1.134	3.41952
1.135	3.39119
1.136	3.36325
1.137	3.33569
1.138	3.30851
1.139	3.28169
1.14	3.25523
1.141	3.22912
1.142	3.20335
1.143	3.17791
1.144	3.15281
1.145	3.12802
1.146	3.10355
1.147	3.07939
1.148	3.05552
1.149	3.03196
1.15	3.00868
1.151	2.98569
1.152	2.96297
1.153	2.94053
1.154	2.91835
1.155	2.89644
1.156	2.87479
1.157	2.85338
1.158	2.83223
1.159	2.81131
1.16	2.79064
1.161	2.7702
1.162	2.74998
1.163	2.73
1.164	2.71023
1.165	2.69068
1.166	2.67134
1.167	2.65221
1.168	2.63329
1.169	2.61457
1.17	2.59605
1.171	2.57772
1.172	2.55958
1.173	2.54163
1.174	2.52387
1.175	2.50628
1.176	2.48887
1.177	2.47164
1.178	2.45459
1.179	2.4377
1.18	2.42097
1.181	2.40441
1.182	2.38801
1.183	2.37177
1.184	2.35569
1.185	2.33976
1.186	2.32397
1.187	2.30834
1.188	2.29285
1.189	2.27751
1.19	2.2623
1.191	2.24724
1.192	2.23231
1.193	2.21752
1.194	2.20286
1.195	2.18833
1.196	2.17392
1.197	2.15965
1.198	2.14549
1.199	2.13146
1.2	2.11755
1.201	2.10376
1.202	2.09009
1.203	2.07653
1.204	2.06309
1.205	2.04975
1.206	2.03653
1.207	2.02341
1.208	2.01041
1.209	1.9975
1.21	1.9847
1.211	1.97201
1.212	1.95941
1.213	1.94692
1.214	1.93452
1.215	1.92221
1.216	1.91001
1.217	1.89789
1.218	1.88587
1.219	1.87394
1.22	1.8621
1.221	1.85035
1.222	1.83869
1.223	1.82711
1.224	1.81562
1.225	1.80421
1.226	1.79288
1.227	1.78164
1.228	1.77047
1.229	1.75939
1.23	1.74838
1.231	1.73745
1.232	1.7266
1.233	1.71582
1.234	1.70512
1.235	1.69449
1.236	1.68393
1.237	1.67345
1.238	1.66303
1.239	1.65268
1.24	1.6424
1.241	1.63219
1.242	1.62205
1.243	1.61197
1.244	1.60196
1.245	1.59201
1.246	1.58213
1.247	1.5723
1.248	1.56254
1.249	1.55284
1.25	1.54321
1.251	1.53363
1.252	1.52411
1.253	1.51464
1.254	1.50524
1.255	1.49589
1.256	1.4866
1.257	1.47736
1.258	1.46818
1.259	1.45905
1.26	1.44997
1.261	1.44095
1.262	1.43198
1.263	1.42306
1.264	1.41419
1.265	1.40537
1.266	1.3966
1.267	1.38788
1.268	1.37921
1.269	1.37059
1.27	1.36201
1.271	1.35348
1.272	1.34499
1.273	1.33656
1.274	1.32816
1.275	1.31981
1.276	1.31151
1.277	1.30325
1.278	1.29503
1.279	1.28685
1.28	1.27872
1.281	1.27062
1.282	1.26257
1.283	1.25456
1.284	1.24659
1.285	1.23866
1.286	1.23076
1.287	1.22291
1.288	1.21509
1.289	1.20732
1.29	1.19958
1.291	1.19187
1.292	1.18421
1.293	1.17657
1.294	1.16898
1.295	1.16142
1.296	1.1539
1.297	1.1464
1.298	1.13895
1.299	1.13153
1.3	1.12414
1.301	1.11678
1.302	1.10946
1.303	1.10217
1.304	1.09491
1.305	1.08768
1.306	1.08048
1.307	1.07332
1.308	1.06618
1.309	1.05908
1.31	1.052
1.311	1.04496
1.312	1.03794
1.313	1.03096
1.314	1.024
1.315	1.01707
1.316	1.01016
1.317	1.00329
1.318	0.996442
1.319	0.989622
1.32	0.982828
1.321	0.976061
1.322	0.96932
1.323	0.962605
1.324	0.955915
1.325	0.949251
1.326	0.942612
1.327	0.935998
1.328	0.929408
1.329	0.922842
1.33	0.9163
1.331	0.909782
1.332	0.903288
1.333	0.896817
1.334	0.890368
1.335	0.883943
1.336	0.877539
1.337	0.871158
1.338	0.864799
1.339	0.858462
1.34	0.852146
1.341	0.845852
1.342	0.839578
1.343	0.833325
1.344	0.827093
1.345	0.820881
1.346	0.81469
1.347	0.808518
1.348	0.802366
1.349	0.796233
1.35	0.790119
1.351	0.784025
1.352	0.777949
1.353	0.771893
1.354	0.765854
1.355	0.759834
1.356	0.753831
1.357	0.747847
1.358	0.74188
1.359	0.73593
1.36	0.729998
1.361	0.724083
1.362	0.718185
1.363	0.712303
1.364	0.706438
1.365	0.700589
1.366	0.694756
1.367	0.688939
1.368	0.683138
1.369	0.677352
1.37	0.671582
1.371	0.665827
1.372	0.660087
1.373	0.654362
1.374	0.648651
1.375	0.642955
1.376	0.637274
1.377	0.631607
1.378	0.625953
1.379	0.620314
1.38	0.614688
1.381	0.609076
1.382	0.603477
1.383	0.597891
1.384	0.592319
1.385	0.586759
1.386	0.581212
1.387	0.575678
1.388	0.570156
1.389	0.564647
1.39	0.559149
1.391	0.553664
1.392	0.54819
1.393	0.542728
1.394	0.537278
1.395	0.531839
1.396	0.526412
1.397	0.520996
1.398	0.51559
1.399	0.510196
1.4	0.504812
1.401	0.499439
1.402	0.494076
1.403	0.488723
1.404	0.483381
1.405	0.478049
1.406	0.472726
1.407	0.467414
1.408	0.462111
1.409	0.456817
1.41	0.451533
1.411	0.446259
1.412	0.440993
1.413	0.435736
1.414	0.430489
1.415	0.425249
1.416	0.420019
1.417	0.414797
1.418	0.409584
1.419	0.404378
1.42	0.399181
1.421	0.393992
1.422	0.388811
1.423	0.383638
1.424	0.378472
1.425	0.373314
1.426	0.368163
1.427	0.363019
1.428	0.357883
1.429	0.352754
1.43	0.347631
1.431	0.342516
1.432	0.337407
1.433	0.332305
1.434	0.327209
1.435	0.32212
1.436	0.317037
1.437	0.31196
1.438	0.30689
1.439	0.301825
1.44	0.296766
1.441	0.291713
1.442	0.286665
1.443	0.281623
1.444	0.276586
1.445	0.271555
1.446	0.266529
1.447	0.261508
1.448	0.256492
1.449	0.25148
1.45	0.246474
1.451	0.241472
1.452	0.236475
1.453	0.231482
1.454	0.226494
1.455	0.221509
1.456	0.216529
1.457	0.211553
1.458	0.206581
1.459	0.201613
1.46	0.196649
1.461	0.191688
1.462	0.18673
1.463	0.181777
1.464	0.176826
1.465	0.171879
1.466	0.166935
1.467	0.161993
1.468	0.157055
1.469	0.15212
1.47	0.147187
1.471	0.142257
1.472	0.13733
1.473	0.132405
1.474	0.127482
1.475	0.122562
1.476	0.117644
1.477	0.112727
1.478	0.107813
1.479	0.102901
1.48	0.0979902
1.481	0.0930812
1.482	0.0881739
1.483	0.083268
1.484	0.0783634
1.485	0.0734602
1.486	0.0685581
1.487	0.0636572
1.488	0.0587572
1.489	0.0538581
1.49	0.0489598
1.491	0.0440622
1.492	0.0391653
1.493	0.0342688
1.494	0.0293728
1.495	0.0244771
1.496	0.0195816
1.497	0.0146862
1.498	0.00979091
1.499	0.00489553
1.5	2.70181e-13
1.501	-0.00489578
1.502	-0.00979191
1.503	-0.0146885
1.504	-0.0195856
1.505	-0.0244833
1.506	-0.0293818
1.507	-0.0342811
1.508	-0.0391813
1.509	-0.0440825
1.51	-0.0489848
1.511	-0.0538884
1.512	-0.0587932
1.513	-0.0636995
1.514	-0.0686072
1.515	-0.0735165
1.516	-0.0784275
1.517	-0.0833403
1.518	-0.088255
1.519	-0.0931717
1.52	-0.0980904
1.521	-0.103011
1.522	-0.107934
1.523	-0.11286
1.524	-0.117788
1.525	-0.122719
1.526	-0.127652
1.527	-0.132588
1.528	-0.137527
1.529	-0.142468
1.53	-0.147413
1.531	-0.152361
1.532	-0.157313
1.533	-0.162267
1.534	-0.167225
1.535	-0.172187
1.536	-0.177152
1.537	-0.182121
1.538	-0.187094
1.539	-0.192071
1.54	-0.197052
1.541	-0.202037
1.542	-0.207026
1.543	-0.21202
1.544	-0.217018
1.545	-0.222021
1.546	-0.227028
1.547	-0.232041
1.548	-0.237058
1.549	-0.24208
1.55	-0.247107
1.551	-0.252139
1.552	-0.257177
1.553	-0.26222
1.554	-0.267269
1.555	-0.272323
1.556	-0.277383
1.557	-0.282449
1.558	-0.28752
1.559	-0.292598
1.56	-0.297682
1.561	-0.302773
1.562	-0.307869
1.563	-0.312973
1.564	-0.318082
1.565	-0.323199
1.566	-0.328322
1.567	-0.333453
1.568	-0.33859
1.569	-0.343735
1.57	-0.348887
1.571	-0.354046
1.572	-0.359213
1.573	-0.364387
1.574	-0.36957
1.575	-0.37476
1.576	-0.379958
1.577	-0.385164
1.578	-0.390379
1.579	-0.395602
1.58	-0.400833
1.581	-0.406073
1.582	-0.411322
1.583	-0.41658
1.584	-0.421847
1.585	-0.427122
1.586	-0.432407
1.587	-0.437702
1.588	-0.443006
1.589	-0.448319
1.59	-0.453642
1.591	-0.458975
1.592	-0.464319
1.593	-0.469672
1.594	-0.475035
1.595	-0.480409
1.596	-0.485794
1.597	-0.491189
1.598	-0.496595
1.599	-0.502012
1.6	-0.507441
1.601	-0.51288
1.602	-0.518331
1.603	-0.523793
1.604	-0.529267
1.605	-0.534753
1.606	-0.540251
1.607	-0.54576
1.608	-0.551283
1.609	-0.556817
1.61	-0.562364
1.611	-0.567924
1.612	-0.573497
1.613	-0.579082
1.614	-0.584681
1.615	-0.590293
1.616	-0.595919
1.617	-0.601558
1.618	-0.607211
1.619	-0.612878
1.62	-0.618559
1.621	-0.624255
1.622	-0.629965
1.623	-0.635689
1.624	-0.641429
1.625	-0.647183
1.626	-0.652952
1.627	-0.658737
1.628	-0.664537
1.629	-0.670353
1.63	-0.676185
1.631	-0.682032
1.632	-0.687896
1.633	-0.693776
1.634	-0.699673
1.635	-0.705587
1.636	-0.711517
1.637	-0.717465
1.638	-0.723429
1.639	-0.729412
1.64	-0.735412
1.641	-0.74143
1.642	-0.747466
1.643	-0.75352
1.644	-0.759593
1.645	-0.765684
1.646	-0.771795
1.647	-0.777924
1.648	-0.784073
1.649	-0.790241
1.65	-0.796429
1.651	-0.802638
1.652	-0.808866
1.653	-0.815114
1.654	-0.821384
1.655	-0.827674
1.656	-0.833985
1.657	-0.840317
1.658	-0.846671
1.659	-0.853047
1.66	-0.859445
1.661	-0.865865
1.662	-0.872307
1.663	-0.878772
1.664	-0.885261
1.665	-0.891772
1.666	-0.898307
1.667	-0.904866
1.668	-0.911448
1.669	-0.918055
1.67	-0.924687
1.671	-0.931343
1.672	-0.938024
1.673	-0.944731
1.674	-0.951463
1.675	-0.958221
1.676	-0.965005
1.677	-0.971816
1.678	-0.978654
1.679	-0.985518
1.68	-0.99241
1.681	-0.999329
1.682	-1.00628
1.683	-1.01325
1.684	-1.02026
1.685	-1.02729
1.686	-1.03435
1.687	-1.04144
1.688	-1.04857
1.689	-1.05572
1.69	-1.0629
1.691	-1.07011
1.692	-1.07736
1.693	-1.08463
1.694	-1.09194
1.695	-1.09928
1.696	-1.10665
1.697	-1.11406
1.698	-1.1215
1.699	-1.12897
1.7	-1.13647
1.701	-1.14402
1.702	-1.15159
1.703	-1.1592
1.704	-1.16685
1.705	-1.17453
1.706	-1.18225
1.707	-1.19
1.708	-1.1978
1.709	-1.20563
1.71	-1.2135
1.711	-1.2214
1.712	-1.22935
1.713	-1.23734
1.714	-1.24536
1.715	-1.25343
1.716	-1.26153
1.717	-1.26968
1.718	-1.27787
1.719	-1.2861
1.72	-1.29438
1.721	-1.30269
1.722	-1.31105
1.723	-1.31946
1.724	-1.32791
1.725	-1.33641
1.726	-1.34495
1.727	-1.35353
1.728	-1.36217
1.729	-1.37085
1.73	-1.37958
1.731	-1.38836
1.732	-1.39719
1.733	-1.40606
1.734	-1.41499
1.735	-1.42397
1.736	-1.433
1.737	-1.44208
1.738	-1.45122
1.739	-1.4604
1.74	-1.46965
1.741	-1.47894
1.742	-1.4883
1.743	-1.4977
1.744	-1.50717
1.745	-1.51669
1.746	-1.52627
1.747	-1.53591
1.748	-1.54561
1.749	-1.55538
1.75	-1.5652
1.751	-1.57508
1.752	-1.58503
1.753	-1.59504
1.754	-1.60511
1.755	-1.61525
1.756	-1.62545
1.757	-1.63573
1.758	-1.64607
1.759	-1.65648
1.76	-1.66695
1.761	-1.6775
1.762	-1.68812
1.763	-1.69881
1.764	-1.70958
1.765	-1.72042
1.766	-1.73133
1.767	-1.74232
1.768	-1.75339
1.769	-1.76454
1.77	-1.77576
1.771	-1.78707
1.772	-1.79845
1.773	-1.80992
1.774	-1.82148
1.775	-1.83312
1.776	-1.84484
1.777	-1.85665
1.778	-1.86855
1.779	-1.88054
1.78	-1.89262
1.781	-1.90479
1.782	-1.91706
1.783	-1.92942
1.784	-1.94187
1.785	-1.95443
1.786	-1.96708
1.787	-1.97983
1.788	-1.99269
1.789	-2.00565
1.79	-2.01871
1.791	-2.03188
1.792	-2.04515
1.793	-2.05854
1.794	-2.07204
1.795	-2.08565
1.796	-2.09937
1.797	-2.11321
1.798	-2.12717
1.799	-2.14125
1.8	-2.15545
1.801	-2.16977
1.802	-2.18422
1.803	-2.1988
1.804	-2.2135
1.805	-2.22834
1.806	-2.24331
1.807	-2.25841
1.808	-2.27365
1.809	-2.28904
1.81	-2.30456
1.811	-2.32023
1.812	-2.33604
1.813	-2.35201
1.814	-2.36812
1.815	-2.38439
1.816	-2.40081
1.817	-2.4174
1.818	-2.43414
1.819	-2.45105
1.82	-2.46813
1.821	-2.48538
1.822	-2.5028
1.823	-2.52039
1.824	-2.53817
1.825	-2.55612
1.826	-2.57426
1.827	-2.59259
1.828	-2.61112
1.829	-2.62983
1.83	-2.64875
1.831	-2.66786
1.832	-2.68719
1.833	-2.70672
1.834	-2.72646
1.835	-2.74643
1.836	-2.76661
1.837	-2.78702
1.838	-2.80766
1.839	-2.82853
1.84	-2.84964
1.841	-2.87099
1.842	-2.89259
1.843	-2.91444
1.844	-2.93655
1.845	-2.95892
1.846	-2.98156
1.847	-3.00447
1.848	-3.02766
1.849	-3.05113
1.85	-3.07489
1.851	-3.09894
1.852	-3.1233
1.853	-3.14796
1.854	-3.17294
1.855	-3.19823
1.856	-3.22386
1.857	-3.24981
1.858	-3.27611
1.859	-3.30275
1.86	-3.32975
1.861	-3.35711
1.862	-3.38485
1.863	-3.41296
1.864	-3.44146
1.865	-3.47035
1.866	-3.49965
1.867	-3.52937
1.868	-3.55951
1.869	-3.59008
1.87	-3.62109
1.871	-3.65256
1.872	-3.68449
1.873	-3.7169
1.874	-3.74979
1.875	-3.78319
1.876	-3.81709
1.877	-3.85151
1.878	-3.88648
1.879	-3.92199
1.88	-3.95806
1.881	-3.99471
1.882	-4.03195
1.883	-4.0698
1.884	-4.10827
1.885	-4.14738
1.886	-4.18715
1.887	-4.22759
1.888	-4.26872
1.889	-4.31056
1.89	-4.35313
1.891	-4.39645
1.892	-4.44054
1.893	-4.48542
1.894	-4.53112
1.895	-4.57765
1.896	-4.62505
1.897	-4.67333
1.898	-4.72253
1.899	-4.77266
1.9	-4.82377
1.901	-4.87587
1.902	-4.929
1.903	-4.98319
1.904	-5.03847
1.905	-5.09489
1.906	-5.15246
1.907	-5.21124
1.908	-5.27126
1.909	-5.33256
1.91	-5.39518
1.911	-5.45918
1.912	-5.52459
1.913	-5.59146
1.914	-5.65985
1.915	-5.72981
1.916	-5.8014
1.917	-5.87467
1.918	-5.94968
1.919	-6.02651
1.92	-6.10521
1.921	-6.18586
1.922	-6.26854
1.923	-6.35333
1.924	-6.44029
1.925	-6.52954
1.926	-6.62115
1.927	-6.71522
1.928	-6.81186
1.929	-6.91118
1.93	-7.01328
1.931	-7.1183
1.932	-7.22635
1.933	-7.33758
1.934	-7.45213
1.935	-7.57016
1.936	-7.69182
1.937	-7.81729
1.938	-7.94675
1.939	-8.0804
1.94	-8.21845
1.941	-8.36113
1.942	-8.50866
1.943	-8.66132
1.944	-8.81937
1.945	-8.9831
1.946	-9.15284
1.947	-9.32892
1.948	-9.5117
1.949	-9.70159
1.95	-9.89901
2.05	9.90413
2.051	9.70671
2.052	9.51682
2.053	9.33403
2.054	9.15795
2.055	8.98821
2.056	8.82447
2.057	8.66643
2.058	8.51377
2.059	8.36623
2.06	8.22356
2.061	8.0855
2.062	7.95185
2.063	7.82239
2.064	7.69692
2.065	7.57526
2.066	7.45723
2.067	7.34268
2.068	7.23145
2.069	7.12339
2.07	7.01837
2.071	6.91627
2.072	6.81695
2.073	6.72031
2.074	6.62624
2.075	6.53462
2.076	6.44538
2.077	6.35841
2.078	6.27363
2.079	6.19095
2.08	6.11029
2.081	6.03159
2.082	5.95476
2.083	5.87974
2.084	5.80647
2.085	5.73488
2.086	5.66492
2.087	5.59653
2.088	5.52966
2.089	5.46424
2.09	5.40025
2.091	5.33762
2.092	5.27632
2.093	5.2163
2.094	5.15752
2.095	5.09994
2.096	5.04353
2.097	4.98824
2.098	4.93405
2.099	4.88092
2.1	4.82881
2.101	4.77771
2.102	4.72757
2.103	4.67837
2.104	4.63009
2.105	4.58269
2.106	4.53616
2.107	4.49046
2.108	4.44557
2.109	4.40148
2.11	4.35816
2.111	4.31559
2.112	4.27375
2.113	4.23261
2.114	4.19217
2.115	4.1524
2.116	4.11329
2.117	4.07482
2.118	4.03697
2.119	3.99972
2.12	3.96307
2.121	3.92699
2.122	3.89148
2.123	3.85652
2.124	3.82209
2.125	3.78818
2.126	3.75479
2.127	3.72189
2.128	3.68948
2.129	3.65755
2.13	3.62608
2.131	3.59506
2.132	3.56449
2.133	3.53435
2.134	3.50463
2.135	3.47533
2.136	3.44643
2.137	3.41793
2.138	3.38981
2.139	3.36208
2.14	3.33471
2.141	3.30771
2.142	3.28106
2.143	3.25476
2.144	3.22881
2.145	3.20318
2.146	3.17788
2.147	3.1529
2.148	3.12824
2.149	3.10388
2.15	3.07982
2.151	3.05606
2.152	3.03258
2.153	3.00939
2.154	2.98648
2.155	2.96384
2.156	2.94146
2.157	2.91935
2.158	2.8975
2.159	2.87589
2.16	2.85454
2.161	2.83343
2.162	2.81255
2.163	2.79191
2.164	2.7715
2.165	2.75131
2.166	2.73135
2.167	2.7116
2.168	2.69206
2.169	2.67274
2.17	2.65362
2.171	2.6347
2.172	2.61598
2.173	2.59745
2.174	2.57912
2.175	2.56097
2.176	2.54301
2.177	2.52524
2.178	2.50764
2.179	2.49021
2.18	2.47296
2.181	2.45588
2.182	2.43897
2.183	2.42222
2.184	2.40563
2.185	2.3892
2.186	2.37293
2.187	2.35681
2.188	2.34084
2.189	2.32502
2.19	2.30935
2.191	2.29382
2.192	2.27844
2.193	2.26319
2.194	2.24808
2.195	2.23311
2.196	2.21827
2.197	2.20356
2.198	2.18898
2.199	2.17453
2.2	2.1602
2.201	2.146
2.202	2.13191
2.203	2.11795
2.204	2.1041
2.205	2.09038
2.206	2.07676
2.207	2.06326
2.208	2.04987
2.209	2.03659
2.21	2.02341
2.211	2.01034
2.212	1.99738
2.213	1.98452
2.214	1.97176
2.215	1.95911
2.216	1.94655
2.217	1.93408
2.218	1.92172
2.219	1.90945
2.22	1.89727
2.221	1.88519
2.222	1.87319
2.223	1.86129
2.224	1.84947
2.225	1.83774
2.226	1.8261
2.227	1.81454
2.228	1.80306
2.229	1.79167
2.23	1.78036
2.231	1.76913
2.232	1.75798
2.233	1.7469
2.234	1.73591
2.235	1.72499
2.236	1.71414
2.237	1.70337
2.238	1.69267
2.239	1.68205
2.24	1.67149
2.241	1.66101
2.242	1.65059
2.243	1.64025
2.244	1.62997
2.245	1.61976
2.246	1.60961
2.247	1.59953
2.248	1.58952
2.249	1.57956
2.25	1.56967
2.251	1.55985
2.252	1.55008
2.253	1.54037
2.254	1.53072
2.255	1.52114
2.256	1.51161
2.257	1.50213
2.258	1.49272
2.259	1.48336
2.26	1.47405
2.261	1.46481
2.262	1.45561
2.263	1.44647
2.264	1.43738
2.265	1.42834
2.266	1.41936
2.267	1.41042
2.268	1.40154
2.269	1.3927
2.27	1.38391
2.271	1.37518
2.272	1.36649
2.273	1.35785
2.274	1.34925
2.275	1.3407
2.276	1.3322
2.277	1.32374
2.278	1.31533
2.279	1.30696
2.28	1.29863
2.281	1.29035
2.282	1.28211
2.283	1.27391
2.284	1.26576
2.285	1.25764
2.286	1.24957
2.287	1.24153
2.288	1.23354
2.289	1.22558
2.29	1.21767
2.291	1.20979
2.292	1.20195
2.293	1.19415
2.294	1.18639
2.295	1.17866
2.296	1.17097
2.297	1.16331
2.298	1.15569
2.299	1.14811
2.3	1.14056
2.301	1.13304
2.302	1.12556
2.303	1.11811
2.304	1.11069
2.305	1.10331
2.306	1.09596
2.307	1.08865
2.308	1.08136
2.309	1.07411
2.31	1.06688
2.311	1.05969
2.312	1.05253
2.313	1.0454
2.314	1.03829
2.315	1.03122
2.316	1.02418
2.317	1.01716
2.318	1.01018
2.319	1.00322
2.32	0.996289
2.321	0.989386
2.322	0.98251
2.323	0.975662
2.324	0.96884
2.325	0.962044
2.326	0.955275
2.327	0.948532
2.328	0.941813
2.329	0.935121
2.33	0.928453
2.331	0.92181
2.332	0.915191
2.333	0.908597
2.334	0.902026
2.335	0.895479
2.336	0.888955
2.337	0.882455
2.338	0.875978
2.339	0.869523
2.34	0.86309
2.341	0.85668
2.342	0.850292
2.343	0.843925
2.344	0.83758
2.345	0.831256
2.346	0.824953
2.347	0.81867
2.348	0.812409
2.349	0.806167
2.35	0.799946
2.351	0.793744
2.352	0.787562
2.353	0.7814
2.354	0.775257
2.355	0.769133
2.356	0.763027
2.357	0.75694
2.358	0.750872
2.359	0.744822
2.36	0.73879
2.361	0.732775
2.362	0.726778
2.363	0.720799
2.364	0.714837
2.365	0.708891
2.366	0.702963
2.367	0.697051
2.368	0.691156
2.369	0.685277
2.37	0.679414
2.371	0.673567
2.372	0.667735
2.373	0.66192
2.374	0.656119
2.375	0.650334
2.376	0.644564
2.377	0.638808
2.378	0.633068
2.379	0.627341
2.38	0.62163
2.381	0.615932
2.382	0.610248
2.383	0.604578
2.384	0.598922
2.385	0.59328
2.386	0.58765
2.387	0.582034
2.388	0.576431
2.389	0.570841
2.39	0.565264
2.391	0.559699
2.392	0.554147
2.393	0.548607
2.394	0.543079
2.395	0.537563
2.396	0.532058
2.397	0.526566
2.398	0.521085
2.399	0.515616
2.4	0.510157
2.401	0.50471
2.402	0.499274
2.403	0.493849
2.404	0.488434
2.405	0.48303
2.406	0.477637
2.407	0.472253
2.408	0.46688
2.409	0.461517
2.41	0.456163
2.411	0.45082
2.412	0.445486
2.413	0.440162
2.414	0.434846
2.415	0.429541
2.416	0.424244
2.417	0.418956
2.418	0.413677
2.419	0.408407
2.42	0.403145
2.421	0.397892
2.422	0.392647
2.423	0.38741
2.424	0.382182
2.425	0.376961
2.426	0.371749
2.427	0.366544
2.428	0.361346
2.429	0.356156
2.43	0.350974
2.431	0.345799
2.432	0.340631
2.433	0.33547
2.434	0.330315
2.435	0.325168
2.436	0.320027
2.437	0.314893
2.438	0.309766
2.439	0.304644
2.44	0.299529
2.441	0.29442
2.442	0.289317
2.443	0.28422
2.444	0.279129
2.445	0.274043
2.446	0.268963
2.447	0.263888
2.448	0.258819
2.449	0.253755
2.45	0.248696
2.451	0.243642
2.452	0.238593
2.453	0.233549
2.454	0.22851
2.455	0.223475
2.456	0.218444
2.457	0.213418
2.458	0.208397
2.459	0.203379
2.46	0.198366
2.461	0.193356
2.462	0.18835
2.463	0.183348
2.464	0.17835
2.465	0.173355
2.466	0.168364
2.467	0.163376
2.468	0.158392
2.469	0.15341
2.47	0.148432
2.471	0.143456
2.472	0.138483
2.473	0.133514
2.474	0.128546
2.475	0.123581
2.476	0.118619
2.477	0.113659
2.478	0.108702
2.479	0.103746
2.48	0.0987924
2.481	0.0938408
2.482	0.0888911
2.483	0.0839431
2.484	0.0789968
2.485	0.074052
2.486	0.0691087
2.487	0.0641667
2.488	0.059226
2.489	0.0542864
2.49	0.049348
2.491	0.0444104
2.492	0.0394738
2.493	0.0345379
2.494	0.0296027
2.495	0.024668
2.496	0.0197339
2.497	0.0148001
2.498	0.00986656
2.499	0.00493323
2.5	8.13591e-13
2.501	-0.00493324
2.502	-0.0098666
2.503	-0.0148002
2.504	-0.019734
2.505	-0.0246683
2.506	-0.029603
2.507	-0.0345384
2.508	-0.0394744
2.509	-0.0444113
2.51	-0.049349
2.511	-0.0542877
2.512	-0.0592275
2.513	-0.0641684
2.514	-0.0691107
2.515	-0.0740543
2.516	-0.0789994
2.517	-0.0839461
2.518	-0.0888944
2.519	-0.0938445
2.52	-0.0987965
2.521	-0.10375
2.522	-0.108706
2.523	-0.113665
2.524	-0.118625
2.525	-0.123588
2.526	-0.128553
2.527	-0.133521
2.528	-0.138491
2.529	-0.143465
2.53	-0.148441
2.531	-0.15342
2.532	-0.158402
2.533	-0.163387
2.534	-0.168376
2.535	-0.173368
2.536	-0.178363
2.537	-0.183362
2.538	-0.188365
2.539	-0.193372
2.54	-0.198382
2.541	-0.203396
2.542	-0.208415
2.543	-0.213437
2.544	-0.218464
2.545	-0.223496
2.546	-0.228531
2.547	-0.233572
2.548	-0.238617
2.549	-0.243667
2.55	-0.248722
2.551	-0.253782
2.552	-0.258847
2.553	-0.263917
2.554	-0.268993
2.555	-0.274074
2.556	-0.279161
2.557	-0.284254
2.558	-0.289352
2.559	-0.294456
2.56	-0.299566
2.561	-0.304683
2.562	-0.309805
2.563	-0.314934
2.564	-0.32007
2.565	-0.325212
2.566	-0.330361
2.567	-0.335516
2.568	-0.340679
2.569	-0.345848
2.57	-0.351025
2.571	-0.356209
2.572	-0.3614
2.573	-0.366599
2.574	-0.371806
2.575	-0.37702
2.576	-0.382242
2.577	-0.387472
2.578	-0.392711
2.579	-0.397957
2.58	-0.403212
2.581	-0.408476
2.582	-0.413748
2.583	-0.419028
2.584	-0.424318
2.585	-0.429617
2.586	-0.434924
2.587	-0.440241
2.588	-0.445568
2.589	-0.450904
2.59	-0.456249
2.591	-0.461605
2.592	-0.46697
2.593	-0.472345
2.594	-0.47773
2.595	-0.483126
2.596	-0.488532
2.597	-0.493949
2.598	-0.499377
2.599	-0.504815
2.6	-0.510264
2.601	-0.515725
2.602	-0.521197
2.603	-0.52668
2.604	-0.532175
2.605	-0.537681
2.606	-0.543199
2.607	-0.54873
2.608	-0.554272
2.609	-0.559827
2.61	-0.565394
2.611	-0.570974
2.612	-0.576567
2.613	-0.582173
2.614	-0.587791
2.615	-0.593423
2.616	-0.599069
2.617	-0.604728
2.618	-0.6104
2.619	-0.616087
2.62	-0.621787
2.621	-0.627502
2.622	-0.633231
2.623	-0.638974
2.624	-0.644733
2.625	-0.650506
2.626	-0.656294
2.627	-0.662098
2.628	-0.667917
2.629	-0.673751
2.63	-0.679601
2.631	-0.685467
2.632	-0.69135
2.633	-0.697248
2.634	-0.703163
2.635	-0.709095
2.636	-0.715043
2.637	-0.721009
2.638	-0.726992
2.639	-0.732992
2.64	-0.73901
2.641	-0.745046
2.642	-0.751099
2.643	-0.757171
2.644	-0.763262
2.645	-0.769371
2.646	-0.775499
2.647	-0.781646
2.648	-0.787812
2.649	-0.793997
2.65	-0.800203
2.651	-0.806428
2.652	-0.812673
2.653	-0.818939
2.654	-0.825225
2.655	-0.831532
2.656	-0.83786
2.657	-0.84421
2.658	-0.85058
2.659	-0.856973
2.66	-0.863388
2.661	-0.869824
2.662	-0.876283
2.663	-0.882765
2.664	-0.88927
2.665	-0.895798
2.666	-0.902349
2.667	-0.908924
2.668	-0.915523
2.669	-0.922147
2.67	-0.928794
2.671	-0.935467
2.672	-0.942164
2.673	-0.948887
2.674	-0.955636
2.675	-0.96241
2.676	-0.96921
2.677	-0.976037
2.678	-0.982891
2.679	-0.989771
2.68	-0.996679
2.681	-1.00361
2.682	-1.01058
2.683	-1.01757
2.684	-1.02459
2.685	-1.03164
2.686	-1.03872
2.687	-1.04582
2.688	-1.05296
2.689	-1.06013
2.69	-1.06733
2.691	-1.07456
2.692	-1.08182
2.693	-1.08911
2.694	-1.09643
2.695	-1.10379
2.696	-1.11117
2.697	-1.11859
2.698	-1.12605
2.699	-1.13354
2.7	-1.14106
2.701	-1.14861
2.702	-1.15621
2.703	-1.16383
2.704	-1.17149
2.705	-1.17919
2.706	-1.18693
2.707	-1.1947
2.708	-1.20251
2.709	-1.21035
2.71	-1.21824
2.711	-1.22616
2.712	-1.23412
2.713	-1.24212
2.714	-1.25016
2.715	-1.25824
2.716	-1.26637
2.717	-1.27453
2.718	-1.28273
2.719	-1.29098
2.72	-1.29927
2.721	-1.3076
2.722	-1.31598
2.723	-1.3244
2.724	-1.33287
2.725	-1.34138
2.726	-1.34994
2.727	-1.35854
2.728	-1.36719
2.729	-1.37589
2.73	-1.38463
2.731	-1.39343
2.732	-1.40227
2.733	-1.41116
2.734	-1.42011
2.735	-1.4291
2.736	-1.43815
2.737	-1.44724
2.738	-1.4564
2.739	-1.4656
2.74	-1.47486
2.741	-1.48417
2.742	-1.49354
2.743	-1.50297
2.744	-1.51245
2.745	-1.52199
2.746	-1.53158
2.747	-1.54124
2.748	-1.55096
2.749	-1.56073
2.75	-1.57057
2.751	-1.58047
2.752	-1.59043
2.753	-1.60046
2.754	-1.61055
2.755	-1.62071
2.756	-1.63093
2.757	-1.64122
2.758	-1.65158
2.759	-1.662
2.76	-1.6725
2.761	-1.68306
2.762	-1.6937
2.763	-1.70441
2.764	-1.71519
2.765	-1.72605
2.766	-1.73698
2.767	-1.74799
2.768	-1.75907
2.769	-1.77024
2.77	-1.78148
2.771	-1.7928
2.772	-1.80421
2.773	-1.8157
2.774	-1.82727
2.775	-1.83892
2.776	-1.85067
2.777	-1.8625
2.778	-1.87441
2.779	-1.88642
2.78	-1.89852
2.781	-1.91071
2.782	-1.923
2.783	-1.93537
2.784	-1.94785
2.785	-1.96042
2.786	-1.9731
2.787	-1.98587
2.788	-1.99874
2.789	-2.01172
2.79	-2.0248
2.791	-2.03799
2.792	-2.05129
2.793	-2.0647
2.794	-2.07821
2.795	-2.09185
2.796	-2.10559
2.797	-2.11945
2.798	-2.13343
2.799	-2.14753
2.8	-2.16175
2.801	-2.1761
2.802	-2.19057
2.803	-2.20516
2.804	-2.21989
2.805	-2.23475
2.806	-2.24974
2.807	-2.26487
2.808	-2.28013
2.809	-2.29554
2.81	-2.31108
2.811	-2.32678
2.812	-2.34261
2.813	-2.3586
2.814	-2.37474
2.815	-2.39103
2.816	-2.40748
2.817	-2.42409
2.818	-2.44086
2.819	-2.45779
2.82	-2.4749
2.821	-2.49217
2.822	-2.50961
2.823	-2.52724
2.824	-2.54504
2.825	-2.56302
2.826	-2.58119
2.827	-2.59954
2.828	-2.61809
2.829	-2.63684
2.83	-2.65578
2.831	-2.67492
2.832	-2.69427
2.833	-2.71383
2.834	-2.73361
2.835	-2.7536
2.836	-2.77381
2.837	-2.79425
2.838	-2.81492
2.839	-2.83582
2.84	-2.85696
2.841	-2.87835
2.842	-2.89998
2.843	-2.92186
2.844	-2.944
2.845	-2.96641
2.846	-2.98908
2.847	-3.01202
2.848	-3.03524
2.849	-3.05875
2.85	-3.08254
2.851	-3.10663
2.852	-3.13102
2.853	-3.15572
2.854	-3.18073
2.855	-3.20607
2.856	-3.23173
2.857	-3.25772
2.858	-3.28406
2.859	-3.31074
2.86	-3.33778
2.861	-3.36518
2.862	-3.39295
2.863	-3.42111
2.864	-3.44965
2.865	-3.47858
2.866	-3.50793
2.867	-3.53769
2.868	-3.56787
2.869	-3.59848
2.87	-3.62954
2.871	-3.66106
2.872	-3.69304
2.873	-3.72549
2.874	-3.75843
2.875	-3.79187
2.876	-3.82583
2.877	-3.8603
2.878	-3.89532
2.879	-3.93088
2.88	-3.96701
2.881	-4.00371
2.882	-4.04101
2.883	-4.07891
2.884	-4.11744
2.885	-4.15661
2.886	-4.19643
2.887	-4.23693
2.888	-4.27812
2.889	-4.32002
2.89	-4.36266
2.891	-4.40604
2.892	-4.45019
2.893	-4.49514
2.894	-4.54091
2.895	-4.58751
2.896	-4.63497
2.897	-4.68333
2.898	-4.7326
2.899	-4.78281
2.9	-4.83399
2.901	-4.88617
2.902	-4.93938
2.903	-4.99365
2.904	-5.04901
2.905	-5.10551
2.906	-5.16317
2.907	-5.22204
2.908	-5.28214
2.909	-5.34354
2.91	-5.40625
2.911	-5.47034
2.912	-5.53585
2.913	-5.60282
2.914	-5.67132
2.915	-5.74138
2.916	-5.81307
2.917	-5.88645
2.918	-5.96158
2.919	-6.03852
2.92	-6.11734
2.921	-6.19812
2.922	-6.28092
2.923	-6.36583
2.924	-6.45293
2.925	-6.5423
2.926	-6.63405
2.927	-6.72827
2.928	-6.82505
2.929	-6.92452
2.93	-7.02678
2.931	-7.13195
2.932	-7.24017
2.933	-7.35157
2.934	-7.46629
2.935	-7.58449
2.936	-7.70633
2.937	-7.83199
2.938	-7.96165
2.939	-8.0955
2.94	-8.23376
2.941	-8.37665
2.942	-8.52441
2.943	-8.6773
2.944	-8.83559
2.945	-8.99957
2.946	-9.16956
2.947	-9.34591
2.948	-9.52897
2.949	-9.71915
2.95	-9.91687
3.05	9.91708
3.051	9.71936
3.052	9.52918
3.053	9.34611
3.054	9.16977
3.055	8.99977
3.056	8.83579
3.057	8.67751
3.058	8.52462
3.059	8.37686
3.06	8.23397
3.061	8.09571
3.062	7.96185
3.063	7.8322
3.064	7.70654
3.065	7.58469
3.066	7.46649
3.067	7.35177
3.068	7.24037
3.069	7.13215
3.07	7.02698
3.071	6.92472
3.072	6.82526
3.073	6.72847
3.074	6.63426
3.075	6.54251
3.076	6.45313
3.077	6.36603
3.078	6.28112
3.079	6.19832
3.08	6.11755
3.081	6.03872
3.082	5.96178
3.083	5.88666
3.084	5.81328
3.085	5.74158
3.086	5.67152
3.087	5.60303
3.088	5.53605
3.089	5.47055
3.09	5.40646
3.091	5.34374
3.092	5.28235
3.093	5.22224
3.094	5.16337
3.095	5.10571
3.096	5.04922
3.097	4.99385
3.098	4.93958
3.099	4.88637
3.1	4.83419
3.101	4.78301
3.102	4.7328
3.103	4.68353
3.104	4.63518
3.105	4.58771
3.106	4.54111
3.107	4.49535
3.108	4.4504
3.109	4.40624
3.11	4.36286
3.111	4.32023
3.112	4.27832
3.113	4.23713
3.114	4.19663
3.115	4.15681
3.116	4.11764
3.117	4.07911
3.118	4.04121
3.119	4.00391
3.12	3.96721
3.121	3.93108
3.122	3.89552
3.123	3.8605
3.124	3.82603
3.125	3.79208
3.126	3.75863
3.127	3.72569
3.128	3.69324
3.129	3.66126
3.13	3.62974
3.131	3.59868
3.132	3.56807
3.133	3.53789
3.134	3.50813
3.135	3.47878
3.136	3.44985
3.137	3.42131
3.138	3.39315
3.139	3.36538
3.14	3.33798
3.141	3.31094
3.142	3.28425
3.143	3.25792
3.144	3.23193
3.145	3.20627
3.146	3.18093
3.147	3.15592
3.148	3.13122
3.149	3.10683
3.15	3.08274
3.151	3.05894
3.152	3.03544
3.153	3.01222
3.154	2.98927
3.155	2.9666
3.156	2.9442
3.157	2.92206
3.158	2.90017
3.159	2.87854
3.16	2.85716
3.161	2.83602
3.162	2.81512
3.163	2.79445
3.164	2.77401
3.165	2.7538
3.166	2.7338
3.167	2.71403
3.168	2.69447
3.169	2.67512
3.17	2.65597
3.171	2.63703
3.172	2.61829
3.173	2.59974
3.174	2.58138
3.175	2.56321
3.176	2.54523
3.177	2.52743
3.178	2.50981
3.179	2.49236
3.18	2.47509
3.181	2.45799
3.182	2.44105
3.183	2.42428
3.184	2.40767
3.185	2.39122
3.186	2.37493
3.187	2.35879
3.188	2.34281
3.189	2.32697
3.19	2.31128
3.191	2.29573
3.192	2.28032
3.193	2.26506
3.194	2.24993
3.195	2.23494
3.196	2.22008
3.197	2.20536
3.198	2.19076
3.199	2.17629
3.2	2.16194
3.201	2.14772
3.202	2.13362
3.203	2.11964
3.204	2.10578
3.205	2.09204
3.206	2.0784
3.207	2.06489
3.208	2.05148
3.209	2.03818
3.21	2.02499
3.211	2.01191
3.212	1.99893
3.213	1.98606
3.214	1.97328
3.215	1.96061
3.216	1.94804
3.217	1.93556
3.218	1.92318
3.219	1.9109
3.22	1.89871
3.221	1.88661
3.222	1.8746
3.223	1.86268
3.224	1.85085
3.225	1.83911
3.226	1.82745
3.227	1.81588
3.228	1.80439
3.229	1.79299
3.23	1.78166
3.231	1.77042
3.232	1.75926
3.233	1.74817
3.234	1.73716
3.235	1.72623
3.236	1.71537
3.237	1.70459
3.238	1.69388
3.239	1.68324
3.24	1.67268
3.241	1.66218
3.242	1.65176
3.243	1.6414
3.244	1.63111
3.245	1.62089
3.246	1.61073
3.247	1.60064
3.248	1.59061
3.249	1.58065
3.25	1.57075
3.251	1.56091
3.252	1.55114
3.253	1.54142
3.254	1.53176
3.255	1.52216
3.256	1.51263
3.257	1.50314
3.258	1.49372
3.259	1.48435
3.26	1.47504
3.261	1.46578
3.262	1.45657
3.263	1.44742
3.264	1.43832
3.265	1.42928
3.266	1.42028
3.267	1.41134
3.268	1.40244
3.269	1.3936
3.27	1.38481
3.271	1.37606
3.272	1.36736
3.273	1.35871
3.274	1.35011
3.275	1.34155
3.276	1.33304
3.277	1.32457
3.278	1.31615
3.279	1.30778
3.28	1.29944
3.281	1.29115
3.282	1.2829
3.283	1.2747
3.284	1.26654
3.285	1.25841
3.286	1.25033
3.287	1.24229
3.288	1.23429
3.289	1.22633
3.29	1.2184
3.291	1.21052
3.292	1.20267
3.293	1.19486
3.294	1.18709
3.295	1.17936
3.296	1.17166
3.297	1.164
3.298	1.15637
3.299	1.14878
3.3	1.14122
3.301	1.1337
3.302	1.12621
3.303	1.11876
3.304	1.11134
3.305	1.10395
3.306	1.09659
3.307	1.08927
3.308	1.08198
3.309	1.07472
3.31	1.06749
3.311	1.06029
3.312	1.05312
3.313	1.04598
3.314	1.03887
3.315	1.0318
3.316	1.02475
3.317	1.01773
3.318	1.01073
3.319	1.00377
3.32	0.996835
3.321	0.989927
3.322	0.983046
3.323	0.976192
3.324	0.969364
3.325	0.962564
3.326	0.955789
3.327	0.94904
3.328	0.942317
3.329	0.935619
3.33	0.928946
3.331	0.922298
3.332	0.915674
3.333	0.909074
3.334	0.902499
3.335	0.895947
3.336	0.889418
3.337	0.882913
3.338	0.876431
3.339	0.869971
3.34	0.863534
3.341	0.857119
3.342	0.850726
3.343	0.844355
3.344	0.838005
3.345	0.831676
3.346	0.825369
3.347	0.819082
3.348	0.812816
3.349	0.80657
3.35	0.800344
3.351	0.794138
3.352	0.787952
3.353	0.781785
3.354	0.775638
3.355	0.769509
3.356	0.7634
3.357	0.757309
3.358	0.751236
3.359	0.745182
3.36	0.739146
3.361	0.733127
3.362	0.727126
3.363	0.721143
3.364	0.715177
3.365	0.709228
3.366	0.703295
3.367	0.69738
3.368	0.691481
3.369	0.685598
3.37	0.679731
3.371	0.67388
3.372	0.668045
3.373	0.662226
3.374	0.656422
3.375	0.650633
3.376	0.644859
3.377	0.6391
3.378	0.633356
3.379	0.627626
3.38	0.621911
3.381	0.616209
3.382	0.610522
3.383	0.604849
3.384	0.599189
3.385	0.593543
3.386	0.587911
3.387	0.582291
3.388	0.576685
3.389	0.571092
3.39	0.565511
3.391	0.559943
3.392	0.554388
3.393	0.548844
3.394	0.543313
3.395	0.537794
3.396	0.532287
3.397	0.526791
3.398	0.521307
3.399	0.515835
3.4	0.510374
3.401	0.504924
3.402	0.499484
3.403	0.494056
3.404	0.488639
3.405	0.483232
3.406	0.477835
3.407	0.472449
3.408	0.467073
3.409	0.461707
3.41	0.456351
3.411	0.451004
3.412	0.445668
3.413	0.44034
3.414	0.435023
3.415	0.429714
3.416	0.424415
3.417	0.419124
3.418	0.413842
3.419	0.40857
3.42	0.403305
3.421	0.398049
3.422	0.392802
3.423	0.387563
3.424	0.382332
3.425	0.377109
3.426	0.371893
3.427	0.366686
3.428	0.361486
3.429	0.356294
3.43	0.351109
3.431	0.345931
3.432	0.340761
3.433	0.335597
3.434	0.330441
3.435	0.325291
3.436	0.320148
3.437	0.315012
3.438	0.309882
3.439	0.304758
3.44	0.299641
3.441	0.29453
3.442	0.289424
3.443	0.284325
3.444	0.279231
3.445	0.274144
3.446	0.269061
3.447	0.263985
3.448	0.258913
3.449	0.253847
3.45	0.248786
3.451	0.24373
3.452	0.238679
3.453	0.233633
3.454	0.228591
3.455	0.223554
3.456	0.218522
3.457	0.213494
3.458	0.20847
3.459	0.20345
3.46	0.198435
3.461	0.193423
3.462	0.188416
3.463	0.183412
3.464	0.178412
3.465	0.173415
3.466	0.168422
3.467	0.163432
3.468	0.158446
3.469	0.153462
3.47	0.148482
3.471	0.143505
3.472	0.13853
3.473	0.133558
3.474	0.128589
3.475	0.123623
3.476	0.118659
3.477	0.113697
3.478	0.108737
3.479	0.10378
3.48	0.0988248
3.481	0.0938715
3.482	0.08892
3.483	0.0839704
3.484	0.0790223
3.485	0.0740759
3.486	0.0691309
3.487	0.0641873
3.488	0.0592449
3.489	0.0543037
3.49	0.0493636
3.491	0.0444245
3.492	0.0394862
3.493	0.0345487
3.494	0.0296119
3.495	0.0246757
3.496	0.01974
3.497	0.0148047
3.498	0.00986961
3.499	0.00493476
3.5	1.35953e-12
3.501	-0.00493476
3.502	-0.00986961
3.503	-0.0148047
3.504	-0.01974
3.505	-0.0246757
3.506	-0.0296119
3.507	-0.0345488
3.508	-0.0394862
3.509	-0.0444245
3.51	-0.0493637
3.511	-0.0543038
3.512	-0.059245
3.513	-0.0641873
3.514	-0.069131
3.515	-0.074076
3.516	-0.0790224
3.517	-0.0839705
3.518	-0.0889202
3.519	-0.0938716
3.52	-0.0988249
3.521	-0.10378
3.522	-0.108738
3.523	-0.113697
3.524	-0.118659
3.525	-0.123623
3.526	-0.128589
3.527	-0.133559
3.528	-0.13853
3.529	-0.143505
3.53	-0.148482
3.531	-0.153463
3.532	-0.158446
3.533	-0.163433
3.534	-0.168422
3.535	-0.173416
3.536	-0.178412
3.537	-0.183412
3.538	-0.188416
3.539	-0.193424
3.54	-0.198435
3.541	-0.203451
3.542	-0.208471
3.543	-0.213494
3.544	-0.218522
3.545	-0.223555
3.546	-0.228592
3.547	-0.233634
3.548	-0.23868
3.549	-0.243731
3.55	-0.248787
3.551	-0.253848
3.552	-0.258914
3.553	-0.263986
3.554	-0.269063
3.555	-0.274145
3.556	-0.279233
3.557	-0.284326
3.558	-0.289426
3.559	-0.294531
3.56	-0.299642
3.561	-0.30476
3.562	-0.309883
3.563	-0.315013
3.564	-0.32015
3.565	-0.325293
3.566	-0.330443
3.567	-0.335599
3.568	-0.340763
3.569	-0.345933
3.57	-0.351111
3.571	-0.356296
3.572	-0.361488
3.573	-0.366688
3.574	-0.371896
3.575	-0.377111
3.576	-0.382334
3.577	-0.387565
3.578	-0.392805
3.579	-0.398052
3.58	-0.403308
3.581	-0.408572
3.582	-0.413845
3.583	-0.419127
3.584	-0.424418
3.585	-0.429717
3.586	-0.435026
3.587	-0.440344
3.588	-0.445671
3.589	-0.451008
3.59	-0.456354
3.591	-0.46171
3.592	-0.467076
3.593	-0.472453
3.594	-0.477839
3.595	-0.483235
3.596	-0.488643
3.597	-0.49406
3.598	-0.499489
3.599	-0.504928
3.6	-0.510378
3.601	-0.515839
3.602	-0.521312
3.603	-0.526796
3.604	-0.532292
3.605	-0.537799
3.606	-0.543318
3.607	-0.548849
3.608	-0.554393
3.609	-0.559948
3.61	-0.565516
3.611	-0.571097
3.612	-0.576691
3.613	-0.582297
3.614	-0.587917
3.615	-0.593549
3.616	-0.599195
3.617	-0.604855
3.618	-0.610528
3.619	-0.616216
3.62	-0.621917
3.621	-0.627632
3.622	-0.633362
3.623	-0.639107
3.624	-0.644866
3.625	-0.65064
3.626	-0.656429
3.627	-0.662233
3.628	-0.668052
3.629	-0.673888
3.63	-0.679739
3.631	-0.685605
3.632	-0.691488
3.633	-0.697388
3.634	-0.703303
3.635	-0.709236
3.636	-0.715185
3.637	-0.721151
3.638	-0.727135
3.639	-0.733136
3.64	-0.739155
3.641	-0.745191
3.642	-0.751246
3.643	-0.757318
3.644	-0.763409
3.645	-0.769519
3.646	-0.775648
3.647	-0.781795
3.648	-0.787962
3.649	-0.794148
3.65	-0.800354
3.651	-0.80658
3.652	-0.812826
3.653	-0.819093
3.654	-0.82538
3.655	-0.831687
3.656	-0.838016
3.657	-0.844366
3.658	-0.850738
3.659	-0.857131
3.66	-0.863546
3.661	-0.869983
3.662	-0.876443
3.663	-0.882926
3.664	-0.889431
3.665	-0.89596
3.666	-0.902512
3.667	-0.909087
3.668	-0.915687
3.669	-0.922311
3.67	-0.928959
3.671	-0.935633
3.672	-0.942331
3.673	-0.949054
3.674	-0.955803
3.675	-0.962578
3.676	-0.969379
3.677	-0.976207
3.678	-0.983061
3.679	-0.989942
3.68	-0.996851
3.681	-1.00379
3.682	-1.01075
3.683	-1.01774
3.684	-1.02476
3.685	-1.03181
3.686	-1.03889
3.687	-1.046
3.688	-1.05314
3.689	-1.06031
3.69	-1.0675
3.691	-1.07473
3.692	-1.08199
3.693	-1.08929
3.694	-1.09661
3.695	-1.10397
3.696	-1.11136
3.697	-1.11878
3.698	-1.12623
3.699	-1.13372
3.7	-1.14124
3.701	-1.1488
3.702	-1.15639
3.703	-1.16402
3.704	-1.17168
3.705	-1.17938
3.706	-1.18711
3.707	-1.19489
3.708	-1.2027
3.709	-1.21054
3.71	-1.21843
3.711	-1.22635
3.712	-1.23431
3.713	-1.24231
3.714	-1.25036
3.715	-1.25844
3.716	-1.26656
3.717	-1.27472
3.718	-1.28293
3.719	-1.29118
3.72	-1.29947
3.721	-1.3078
3.722	-1.31618
3.723	-1.3246
3.724	-1.33307
3.725	-1.34158
3.726	-1.35014
3.727	-1.35874
3.728	-1.36739
3.729	-1.37609
3.73	-1.38483
3.731	-1.39363
3.732	-1.40247
3.733	-1.41137
3.734	-1.42031
3.735	-1.42931
3.736	-1.43835
3.737	-1.44745
3.738	-1.4566
3.739	-1.46581
3.74	-1.47507
3.741	-1.48438
3.742	-1.49375
3.743	-1.50318
3.744	-1.51266
3.745	-1.5222
3.746	-1.5318
3.747	-1.54145
3.748	-1.55117
3.749	-1.56095
3.75	-1.57079
3.751	-1.58069
3.752	-1.59065
3.753	-1.60068
3.754	-1.61077
3.755	-1.62093
3.756	-1.63115
3.757	-1.64144
3.758	-1.6518
3.759	-1.66222
3.76	-1.67272
3.761	-1.68329
3.762	-1.69392
3.763	-1.70463
3.764	-1.71542
3.765	-1.72627
3.766	-1.73721
3.767	-1.74821
3.768	-1.7593
3.769	-1.77047
3.77	-1.78171
3.771	-1.79303
3.772	-1.80444
3.773	-1.81593
3.774	-1.8275
3.775	-1.83916
3.776	-1.8509
3.777	-1.86273
3.778	-1.87465
3.779	-1.88666
3.78	-1.89876
3.781	-1.91095
3.782	-1.92323
3.783	-1.93561
3.784	-1.94809
3.785	-1.96066
3.786	-1.97334
3.787	-1.98611
3.788	-1.99899
3.789	-2.01196
3.79	-2.02505
3.791	-2.03824
3.792	-2.05154
3.793	-2.06494
3.794	-2.07846
3.795	-2.09209
3.796	-2.10584
3.797	-2.1197
3.798	-2.13368
3.799	-2.14778
3.8	-2.16201
3.801	-2.17635
3.802	-2.19082
3.803	-2.20542
3.804	-2.22015
3.805	-2.23501
3.806	-2.25
3.807	-2.26513
3.808	-2.28039
3.809	-2.2958
3.81	-2.31135
3.811	-2.32704
3.812	-2.34288
3.813	-2.35886
3.814	-2.375
3.815	-2.3913
3.816	-2.40775
3.817	-2.42436
3.818	-2.44113
3.819	-2.45806
3.82	-2.47517
3.821	-2.49244
3.822	-2.50989
3.823	-2.52751
3.824	-2.54531
3.825	-2.5633
3.826	-2.58146
3.827	-2.59982
3.828	-2.61837
3.829	-2.63712
3.83	-2.65606
3.831	-2.67521
3.832	-2.69456
3.833	-2.71412
3.834	-2.73389
3.835	-2.75389
3.836	-2.7741
3.837	-2.79454
3.838	-2.81521
3.839	-2.83611
3.84	-2.85726
3.841	-2.87864
3.842	-2.90027
3.843	-2.92216
3.844	-2.9443
3.845	-2.96671
3.846	-2.98938
3.847	-3.01232
3.848	-3.03555
3.849	-3.05905
3.85	-3.08285
3.851	-3.10694
3.852	-3.13133
3.853	-3.15603
3.854	-3.18105
3.855	-3.20638
3.856	-3.23204
3.857	-3.25804
3.858	-3.28437
3.859	-3.31106
3.86	-3.3381
3.861	-3.3655
3.862	-3.39328
3.863	-3.42143
3.864	-3.44998
3.865	-3.47891
3.866	-3.50826
3.867	-3.53802
3.868	-3.5682
3.869	-3.59882
3.87	-3.62988
3.871	-3.6614
3.872	-3.69338
3.873	-3.72584
3.874	-3.75878
3.875	-3.79222
3.876	-3.82618
3.877	-3.86066
3.878	-3.89567
3.879	-3.93124
3.88	-3.96736
3.881	-4.00407
3.882	-4.04137
3.883	-4.07928
3.884	-4.11781
3.885	-4.15698
3.886	-4.1968
3.887	-4.2373
3.888	-4.2785
3.889	-4.3204
3.89	-4.36304
3.891	-4.40642
3.892	-4.45058
3.893	-4.49553
3.894	-4.5413
3.895	-4.5879
3.896	-4.63537
3.897	-4.68373
3.898	-4.733
3.899	-4.78321
3.9	-4.8344
3.901	-4.88658
3.902	-4.93979
3.903	-4.99407
3.904	-5.04944
3.905	-5.10594
3.906	-5.1636
3.907	-5.22247
3.908	-5.28258
3.909	-5.34398
3.91	-5.4067
3.911	-5.47079
3.912	-5.5363
3.913	-5.60328
3.914	-5.67178
3.915	-5.74184
3.916	-5.81354
3.917	-5.88692
3.918	-5.96206
3.919	-6.039
3.92	-6.11783
3.921	-6.19861
3.922	-6.28141
3.923	-6.36633
3.924	-6.45343
3.925	-6.54282
3.926	-6.63457
3.927	-6.72879
3.928	-6.82558
3.929	-6.92505
3.93	-7.02732
3.931	-7.1325
3.932	-7.24072
3.933	-7.35213
3.934	-7.46686
3.935	-7.58506
3.936	-7.70692
3.937	-7.83258
3.938	-7.96225
3.939	-8.09611
3.94	-8.23438
3.941	-8.37728
3.942	-8.52505
3.943	-8.67794
3.944	-8.83624
3.945	-9.00023
3.946	-9.17023
3.947	-9.34659
3.948	-9.52967
3.949	-9.71986
3.95	-9.91759
