1.048	9.86441
1.049	9.65845
1.05	9.46068
1.051	9.27059
1.052	9.08777
1.053	8.91178
1.054	8.74225
1.055	8.57883
1.056	8.42119
1.057	8.26903
1.058	8.12207
1.059	7.98003
1.06	7.84268
1.061	7.70977
1.062	7.58111
1.063	7.45648
1.064	7.3357
1.065	7.21858
1.066	7.10497
1.067	6.99471
1.068	6.88764
1.069	6.78362
1.07	6.68254
1.071	6.58426
1.072	6.48867
1.073	6.39565
1.074	6.3051
1.075	6.21693
1.076	6.13104
1.077	6.04733
1.078	5.96574
1.079	5.88616
1.08	5.80854
1.081	5.7328
1.082	5.65887
1.083	5.58667
1.084	5.51616
1.085	5.44728
1.086	5.37996
1.087	5.31414
1.088	5.24979
1.089	5.18685
1.09	5.12528
1.091	5.06502
1.092	5.00603
1.093	4.94829
1.094	4.89173
1.095	4.83633
1.096	4.78206
1.097	4.72887
1.098	4.67673
1.099	4.62562
1.1	4.57549
1.101	4.52633
1.102	4.47809
1.103	4.43077
1.104	4.38432
1.105	4.33873
1.106	4.29396
1.107	4.25001
1.108	4.20684
1.109	4.16443
1.11	4.12276
1.111	4.08181
1.112	4.04157
1.113	4.00201
1.114	3.96311
1.115	3.92486
1.116	3.88725
1.117	3.85025
1.118	3.81385
1.119	3.77803
1.12	3.74278
1.121	3.70809
1.122	3.67394
1.123	3.64032
1.124	3.60722
1.125	3.57462
1.126	3.54251
1.127	3.51087
1.128	3.47971
1.129	3.44901
1.13	3.41875
1.131	3.38893
1.132	3.35954
1.133	3.33056
1.134	3.30199
1.135	3.27382
1.136	3.24604
1.137	3.21864
1.138	3.19161
1.139	3.16495
1.14	3.13864
1.141	3.11269
1.142	3.08707
1.143	3.06179
1.144	3.03684
1.145	3.01221
1.146	2.98789
1.147	2.96389
1.148	2.94018
1.149	2.91677
1.15	2.89365
1.151	2.87081
1.152	2.84825
1.153	2.82596
1.154	2.80394
1.155	2.78218
1.156	2.76068
1.157	2.73943
1.158	2.71843
1.159	2.69767
1.16	2.67715
1.161	2.65686
1.162	2.6368
1.163	2.61697
1.164	2.59736
1.165	2.57796
1.166	2.55878
1.167	2.5398
1.168	2.52103
1.169	2.50246
1.17	2.48409
1.171	2.46592
1.172	2.44793
1.173	2.43013
1.174	2.41252
1.175	2.39509
1.176	2.37784
1.177	2.36076
1.178	2.34385
1.179	2.32711
1.18	2.31054
1.181	2.29413
1.182	2.27789
1.183	2.2618
1.184	2.24586
1.185	2.23008
1.186	2.21445
1.187	2.19897
1.188	2.18363
1.189	2.16844
1.19	2.15338
1.191	2.13847
1.192	2.12369
1.193	2.10905
1.194	2.09454
1.195	2.08016
1.196	2.0659
1.197	2.05178
1.198	2.03777
1.199	2.02389
1.2	2.01013
1.201	1.99649
1.202	1.98297
1.203	1.96956
1.204	1.95626
1.205	1.94308
1.206	1.93
1.207	1.91703
1.208	1.90417
1.209	1.89142
1.21	1.87877
1.211	1.86622
1.212	1.85377
1.213	1.84142
1.214	1.82917
1.215	1.81702
1.216	1.80496
1.217	1.79299
1.218	1.78112
1.219	1.76933
1.22	1.75764
1.221	1.74604
1.222	1.73452
1.223	1.72309
1.224	1.71174
1.225	1.70048
1.226	1.6893
1.227	1.6782
1.228	1.66718
1.229	1.65624
1.23	1.64538
1.231	1.6346
1.232	1.62389
1.233	1.61326
1.234	1.6027
1.235	1.59221
1.236	1.5818
1.237	1.57146
1.238	1.56119
1.239	1.55098
1.24	1.54085
1.241	1.53078
1.242	1.52078
1.243	1.51085
1.244	1.50098
1.245	1.49117
1.246	1.48143
1.247	1.47175
1.248	1.46214
1.249	1.45258
1.25	1.44308
1.251	1.43365
1.252	1.42427
1.253	1.41495
1.254	1.40568
1.255	1.39648
1.256	1.38733
1.257	1.37823
1.258	1.36919
1.259	1.3602
1.26	1.35127
1.261	1.34239
1.262	1.33356
1.263	1.32478
1.264	1.31605
1.265	1.30737
1.266	1.29874
1.267	1.29016
1.268	1.28163
1.269	1.27315
1.27	1.26471
1.271	1.25632
1.272	1.24797
1.273	1.23967
1.274	1.23142
1.275	1.22321
1.276	1.21504
1.277	1.20692
1.278	1.19884
1.279	1.1908
1.28	1.18281
1.281	1.17485
1.282	1.16694
1.283	1.15907
1.284	1.15123
1.285	1.14344
1.286	1.13568
1.287	1.12797
1.288	1.12029
1.289	1.11265
1.29	1.10504
1.291	1.09748
1.292	1.08995
1.293	1.08245
1.294	1.07499
1.295	1.06757
1.296	1.06018
1.297	1.05283
1.298	1.04551
1.299	1.03822
1.3	1.03097
1.301	1.02375
1.302	1.01656
1.303	1.0094
1.304	1.00228
1.305	0.995184
1.306	0.988123
1.307	0.981092
1.308	0.974091
1.309	0.96712
1.31	0.96018
1.311	0.953268
1.312	0.946386
1.313	0.939532
1.314	0.932707
1.315	0.92591
1.316	0.919141
1.317	0.912399
1.318	0.905684
1.319	0.898997
1.32	0.892336
1.321	0.885701
1.322	0.879092
1.323	0.872509
1.324	0.865952
1.325	0.859419
1.326	0.852912
1.327	0.846429
1.328	0.83997
1.329	0.833536
1.33	0.827125
1.331	0.820738
1.332	0.814375
1.333	0.808034
1.334	0.801716
1.335	0.795421
1.336	0.789148
1.337	0.782897
1.338	0.776668
1.339	0.77046
1.34	0.764274
1.341	0.758109
1.342	0.751964
1.343	0.745841
1.344	0.739737
1.345	0.733654
1.346	0.727591
1.347	0.721548
1.348	0.715524
1.349	0.70952
1.35	0.703534
1.351	0.697568
1.352	0.69162
1.353	0.685691
1.354	0.67978
1.355	0.673887
1.356	0.668011
1.357	0.662154
1.358	0.656314
1.359	0.650491
1.36	0.644686
1.361	0.638897
1.362	0.633125
1.363	0.627369
1.364	0.62163
1.365	0.615907
1.366	0.610199
1.367	0.604508
1.368	0.598832
1.369	0.593172
1.37	0.587527
1.371	0.581897
1.372	0.576281
1.373	0.570681
1.374	0.565095
1.375	0.559523
1.376	0.553966
1.377	0.548423
1.378	0.542893
1.379	0.537377
1.38	0.531875
1.381	0.526386
1.382	0.520911
1.383	0.515448
1.384	0.509999
1.385	0.504562
1.386	0.499138
1.387	0.493726
1.388	0.488326
1.389	0.482939
1.39	0.477564
1.391	0.4722
1.392	0.466849
1.393	0.461508
1.394	0.45618
1.395	0.450862
1.396	0.445556
1.397	0.44026
1.398	0.434976
1.399	0.429702
1.4	0.424439
1.401	0.419186
1.402	0.413943
1.403	0.408711
1.404	0.403489
1.405	0.398276
1.406	0.393074
1.407	0.387881
1.408	0.382697
1.409	0.377523
1.41	0.372358
1.411	0.367202
1.412	0.362055
1.413	0.356917
1.414	0.351788
1.415	0.346667
1.416	0.341555
1.417	0.336451
1.418	0.331355
1.419	0.326268
1.42	0.321188
1.421	0.316117
1.422	0.311053
1.423	0.305996
1.424	0.300948
1.425	0.295906
1.426	0.290872
1.427	0.285845
1.428	0.280825
1.429	0.275812
1.43	0.270806
1.431	0.265807
1.432	0.260814
1.433	0.255827
1.434	0.250847
1.435	0.245873
1.436	0.240905
1.437	0.235944
1.438	0.230988
1.439	0.226038
1.44	0.221094
1.441	0.216155
1.442	0.211222
1.443	0.206294
1.444	0.201371
1.445	0.196453
1.446	0.191541
1.447	0.186633
1.448	0.181731
1.449	0.176833
1.45	0.17194
1.451	0.167051
1.452	0.162166
1.453	0.157286
1.454	0.15241
1.455	0.147538
1.456	0.142671
1.457	0.137807
1.458	0.132947
1.459	0.12809
1.46	0.123237
1.461	0.118388
1.462	0.113542
1.463	0.1087
1.464	0.10386
1.465	0.0990237
1.466	0.0941903
1.467	0.0893599
1.468	0.0845322
1.469	0.0797072
1.47	0.0748847
1.471	0.0700648
1.472	0.0652473
1.473	0.0604321
1.474	0.0556191
1.475	0.0508081
1.476	0.0459992
1.477	0.0411922
1.478	0.036387
1.479	0.0315836
1.48	0.0267817
1.481	0.0219814
1.482	0.0171825
1.483	0.0123849
1.484	0.00758852
1.485	0.0027933
1.486	-0.00200088
1.487	-0.00679411
1.488	-0.0115865
1.489	-0.0163781
1.49	-0.0211691
1.491	-0.0259595
1.492	-0.0307495
1.493	-0.0355391
1.494	-0.0403284
1.495	-0.0451175
1.496	-0.0499065
1.497	-0.0546956
1.498	-0.0594848
1.499	-0.0642741
1.5	-0.0690638
1.501	-0.0738539
1.502	-0.0786444
1.503	-0.0834355
1.504	-0.0882273
1.505	-0.0930199
1.506	-0.0978134
1.507	-0.102608
1.508	-0.107403
1.509	-0.1122
1.51	-0.116998
1.511	-0.121797
1.512	-0.126598
1.513	-0.1314
1.514	-0.136204
1.515	-0.141009
1.516	-0.145817
1.517	-0.150626
1.518	-0.155438
1.519	-0.160251
1.52	-0.165067
1.521	-0.169885
1.522	-0.174705
1.523	-0.179528
1.524	-0.184354
1.525	-0.189182
1.526	-0.194013
1.527	-0.198847
1.528	-0.203684
1.529	-0.208524
1.53	-0.213367
1.531	-0.218214
1.532	-0.223064
1.533	-0.227917
1.534	-0.232774
1.535	-0.237635
1.536	-0.242499
1.537	-0.247368
1.538	-0.25224
1.539	-0.257117
1.54	-0.261997
1.541	-0.266882
1.542	-0.271772
1.543	-0.276666
1.544	-0.281564
1.545	-0.286467
1.546	-0.291375
1.547	-0.296288
1.548	-0.301206
1.549	-0.306129
1.55	-0.311058
1.551	-0.315992
1.552	-0.320931
1.553	-0.325875
1.554	-0.330826
1.555	-0.335782
1.556	-0.340744
1.557	-0.345712
1.558	-0.350686
1.559	-0.355666
1.56	-0.360653
1.561	-0.365646
1.562	-0.370645
1.563	-0.375651
1.564	-0.380664
1.565	-0.385684
1.566	-0.390711
1.567	-0.395745
1.568	-0.400786
1.569	-0.405834
1.57	-0.41089
1.571	-0.415953
1.572	-0.421024
1.573	-0.426103
1.574	-0.43119
1.575	-0.436285
1.576	-0.441388
1.577	-0.446499
1.578	-0.451618
1.579	-0.456746
1.58	-0.461883
1.581	-0.467029
1.582	-0.472183
1.583	-0.477346
1.584	-0.482519
1.585	-0.4877
1.586	-0.492891
1.587	-0.498092
1.588	-0.503302
1.589	-0.508522
1.59	-0.513752
1.591	-0.518992
1.592	-0.524242
1.593	-0.529502
1.594	-0.534773
1.595	-0.540054
1.596	-0.545346
1.597	-0.550649
1.598	-0.555963
1.599	-0.561288
1.6	-0.566624
1.601	-0.571971
1.602	-0.57733
1.603	-0.582701
1.604	-0.588083
1.605	-0.593477
1.606	-0.598884
1.607	-0.604303
1.608	-0.609734
1.609	-0.615177
1.61	-0.620634
1.611	-0.626103
1.612	-0.631585
1.613	-0.63708
1.614	-0.642589
1.615	-0.648111
1.616	-0.653647
1.617	-0.659196
1.618	-0.664759
1.619	-0.670337
1.62	-0.675929
1.621	-0.681535
1.622	-0.687155
1.623	-0.692791
1.624	-0.698441
1.625	-0.704107
1.626	-0.709787
1.627	-0.715484
1.628	-0.721195
1.629	-0.726923
1.63	-0.732666
1.631	-0.738426
1.632	-0.744202
1.633	-0.749994
1.634	-0.755803
1.635	-0.761629
1.636	-0.767472
1.637	-0.773333
1.638	-0.77921
1.639	-0.785106
1.64	-0.791019
1.641	-0.79695
1.642	-0.802899
1.643	-0.808867
1.644	-0.814854
1.645	-0.820859
1.646	-0.826883
1.647	-0.832926
1.648	-0.838989
1.649	-0.845072
1.65	-0.851174
1.651	-0.857297
1.652	-0.86344
1.653	-0.869603
1.654	-0.875787
1.655	-0.881992
1.656	-0.888219
1.657	-0.894466
1.658	-0.900736
1.659	-0.907027
1.66	-0.91334
1.661	-0.919676
1.662	-0.926034
1.663	-0.932416
1.664	-0.93882
1.665	-0.945248
1.666	-0.951699
1.667	-0.958174
1.668	-0.964673
1.669	-0.971197
1.67	-0.977745
1.671	-0.984318
1.672	-0.990917
1.673	-0.997541
1.674	-1.00419
1.675	-1.01087
1.676	-1.01757
1.677	-1.0243
1.678	-1.03105
1.679	-1.03783
1.68	-1.04464
1.681	-1.05148
1.682	-1.05835
1.683	-1.06524
1.684	-1.07216
1.685	-1.07912
1.686	-1.0861
1.687	-1.09311
1.688	-1.10015
1.689	-1.10722
1.69	-1.11432
1.691	-1.12145
1.692	-1.12862
1.693	-1.13581
1.694	-1.14304
1.695	-1.1503
1.696	-1.15759
1.697	-1.16492
1.698	-1.17228
1.699	-1.17967
1.7	-1.1871
1.701	-1.19456
1.702	-1.20205
1.703	-1.20958
1.704	-1.21715
1.705	-1.22476
1.706	-1.2324
1.707	-1.24007
1.708	-1.24779
1.709	-1.25554
1.71	-1.26333
1.711	-1.27116
1.712	-1.27903
1.713	-1.28693
1.714	-1.29488
1.715	-1.30287
1.716	-1.3109
1.717	-1.31897
1.718	-1.32708
1.719	-1.33523
1.72	-1.34343
1.721	-1.35167
1.722	-1.35996
1.723	-1.36828
1.724	-1.37666
1.725	-1.38508
1.726	-1.39354
1.727	-1.40205
1.728	-1.41061
1.729	-1.41922
1.73	-1.42787
1.731	-1.43657
1.732	-1.44532
1.733	-1.45412
1.734	-1.46298
1.735	-1.47188
1.736	-1.48083
1.737	-1.48984
1.738	-1.4989
1.739	-1.50801
1.74	-1.51718
1.741	-1.5264
1.742	-1.53568
1.743	-1.54502
1.744	-1.55441
1.745	-1.56386
1.746	-1.57336
1.747	-1.58293
1.748	-1.59256
1.749	-1.60224
1.75	-1.61199
1.751	-1.6218
1.752	-1.63167
1.753	-1.64161
1.754	-1.65161
1.755	-1.66168
1.756	-1.67181
1.757	-1.68201
1.758	-1.69227
1.759	-1.70261
1.76	-1.71301
1.761	-1.72349
1.762	-1.73404
1.763	-1.74466
1.764	-1.75535
1.765	-1.76612
1.766	-1.77696
1.767	-1.78788
1.768	-1.79887
1.769	-1.80995
1.77	-1.8211
1.771	-1.83234
1.772	-1.84365
1.773	-1.85505
1.774	-1.86653
1.775	-1.8781
1.776	-1.88975
1.777	-1.90149
1.778	-1.91332
1.779	-1.92524
1.78	-1.93725
1.781	-1.94935
1.782	-1.96155
1.783	-1.97384
1.784	-1.98622
1.785	-1.99871
1.786	-2.01129
1.787	-2.02397
1.788	-2.03676
1.789	-2.04965
1.79	-2.06264
1.791	-2.07574
1.792	-2.08895
1.793	-2.10227
1.794	-2.1157
1.795	-2.12924
1.796	-2.14289
1.797	-2.15666
1.798	-2.17055
1.799	-2.18456
1.8	-2.1987
1.801	-2.21295
1.802	-2.22733
1.803	-2.24184
1.804	-2.25647
1.805	-2.27124
1.806	-2.28614
1.807	-2.30118
1.808	-2.31636
1.809	-2.33167
1.81	-2.34713
1.811	-2.36273
1.812	-2.37848
1.813	-2.39437
1.814	-2.41042
1.815	-2.42662
1.816	-2.44298
1.817	-2.4595
1.818	-2.47618
1.819	-2.49302
1.82	-2.51003
1.821	-2.52721
1.822	-2.54456
1.823	-2.56209
1.824	-2.5798
1.825	-2.59769
1.826	-2.61577
1.827	-2.63403
1.828	-2.65249
1.829	-2.67114
1.83	-2.68999
1.831	-2.70904
1.832	-2.7283
1.833	-2.74777
1.834	-2.76745
1.835	-2.78734
1.836	-2.80746
1.837	-2.82781
1.838	-2.84838
1.839	-2.86919
1.84	-2.89023
1.841	-2.91152
1.842	-2.93306
1.843	-2.95485
1.844	-2.97689
1.845	-2.9992
1.846	-3.02177
1.847	-3.04462
1.848	-3.06774
1.849	-3.09115
1.85	-3.11485
1.851	-3.13884
1.852	-3.16313
1.853	-3.18773
1.854	-3.21264
1.855	-3.23788
1.856	-3.26344
1.857	-3.28933
1.858	-3.31556
1.859	-3.34215
1.86	-3.36908
1.861	-3.39638
1.862	-3.42405
1.863	-3.4521
1.864	-3.48054
1.865	-3.50938
1.866	-3.53861
1.867	-3.56827
1.868	-3.59834
1.869	-3.62885
1.87	-3.65981
1.871	-3.69121
1.872	-3.72308
1.873	-3.75543
1.874	-3.78826
1.875	-3.82159
1.876	-3.85544
1.877	-3.8898
1.878	-3.9247
1.879	-3.96015
1.88	-3.99617
1.881	-4.03276
1.882	-4.06994
1.883	-4.10773
1.884	-4.14614
1.885	-4.18519
1.886	-4.2249
1.887	-4.26527
1.888	-4.30635
1.889	-4.34813
1.89	-4.39064
1.891	-4.4339
1.892	-4.47793
1.893	-4.52275
1.894	-4.56839
1.895	-4.61486
1.896	-4.6622
1.897	-4.71042
1.898	-4.75956
1.899	-4.80964
1.9	-4.86068
1.901	-4.91273
1.902	-4.9658
1.903	-5.01993
1.904	-5.07516
1.905	-5.13151
1.906	-5.18903
1.907	-5.24775
1.908	-5.30771
1.909	-5.36895
1.91	-5.43152
1.911	-5.49546
1.912	-5.56081
1.913	-5.62763
1.914	-5.69596
1.915	-5.76586
1.916	-5.83739
1.917	-5.9106
1.918	-5.98556
1.919	-6.06233
1.92	-6.14098
1.921	-6.22157
1.922	-6.3042
1.923	-6.38892
1.924	-6.47583
1.925	-6.56502
1.926	-6.65657
1.927	-6.75059
1.928	-6.84718
1.929	-6.94644
1.93	-7.04848
1.931	-7.15344
1.932	-7.26144
1.933	-7.37262
1.934	-7.48711
1.935	-7.60508
1.936	-7.72669
1.937	-7.8521
1.938	-7.98151
1.939	-8.1151
1.94	-8.2531
1.941	-8.39572
1.942	-8.5432
1.943	-8.6958
1.944	-8.8538
1.945	-9.01748
1.946	-9.18716
1.947	-9.36318
1.948	-9.54592
1.949	-9.73575
1.95	-9.93312
2.05	9.87503
2.051	9.67766
2.052	9.48781
2.053	9.30507
2.054	9.12903
2.055	8.95934
2.056	8.79565
2.057	8.63765
2.058	8.48504
2.059	8.33755
2.06	8.19492
2.061	8.05691
2.062	7.9233
2.063	7.79388
2.064	7.66846
2.065	7.54684
2.066	7.42887
2.067	7.31436
2.068	7.20317
2.069	7.09516
2.07	6.99019
2.071	6.88813
2.072	6.78886
2.073	6.69226
2.074	6.59823
2.075	6.50666
2.076	6.41746
2.077	6.33054
2.078	6.2458
2.079	6.16316
2.08	6.08255
2.081	6.00389
2.082	5.9271
2.083	5.85213
2.084	5.77891
2.085	5.70736
2.086	5.63745
2.087	5.5691
2.088	5.50227
2.089	5.4369
2.09	5.37295
2.091	5.31036
2.092	5.2491
2.093	5.18913
2.094	5.13039
2.095	5.07286
2.096	5.01648
2.097	4.96124
2.098	4.90709
2.099	4.854
2.1	4.80194
2.101	4.75088
2.102	4.70078
2.103	4.65163
2.104	4.60339
2.105	4.55603
2.106	4.50954
2.107	4.46388
2.108	4.41904
2.109	4.37499
2.11	4.33171
2.111	4.28918
2.112	4.24738
2.113	4.20629
2.114	4.16589
2.115	4.12616
2.116	4.08709
2.117	4.04866
2.118	4.01085
2.119	3.97365
2.12	3.93704
2.121	3.901
2.122	3.86553
2.123	3.83061
2.124	3.79622
2.125	3.76236
2.126	3.72901
2.127	3.69615
2.128	3.66378
2.129	3.63189
2.13	3.60046
2.131	3.56948
2.132	3.53895
2.133	3.50885
2.134	3.47917
2.135	3.44991
2.136	3.42105
2.137	3.39259
2.138	3.36452
2.139	3.33682
2.14	3.3095
2.141	3.28254
2.142	3.25593
2.143	3.22967
2.144	3.20375
2.145	3.17817
2.146	3.15291
2.147	3.12797
2.148	3.10334
2.149	3.07902
2.15	3.055
2.151	3.03128
2.152	3.00785
2.153	2.98469
2.154	2.96182
2.155	2.93922
2.156	2.91688
2.157	2.89481
2.158	2.873
2.159	2.85143
2.16	2.83012
2.161	2.80904
2.162	2.7882
2.163	2.7676
2.164	2.74723
2.165	2.72708
2.166	2.70715
2.167	2.68744
2.168	2.66795
2.169	2.64866
2.17	2.62958
2.171	2.6107
2.172	2.59202
2.173	2.57353
2.174	2.55523
2.175	2.53713
2.176	2.51921
2.177	2.50147
2.178	2.4839
2.179	2.46652
2.18	2.44931
2.181	2.43226
2.182	2.41539
2.183	2.39867
2.184	2.38212
2.185	2.36573
2.186	2.3495
2.187	2.33342
2.188	2.31749
2.189	2.3017
2.19	2.28607
2.191	2.27058
2.192	2.25523
2.193	2.24002
2.194	2.22495
2.195	2.21001
2.196	2.19521
2.197	2.18054
2.198	2.16599
2.199	2.15158
2.2	2.13729
2.201	2.12312
2.202	2.10907
2.203	2.09515
2.204	2.08134
2.205	2.06764
2.206	2.05407
2.207	2.0406
2.208	2.02724
2.209	2.014
2.21	2.00086
2.211	1.98783
2.212	1.9749
2.213	1.96208
2.214	1.94936
2.215	1.93673
2.216	1.92421
2.217	1.91178
2.218	1.89946
2.219	1.88722
2.22	1.87508
2.221	1.86303
2.222	1.85107
2.223	1.8392
2.224	1.82742
2.225	1.81572
2.226	1.80412
2.227	1.79259
2.228	1.78115
2.229	1.7698
2.23	1.75852
2.231	1.74732
2.232	1.73621
2.233	1.72517
2.234	1.71421
2.235	1.70332
2.236	1.69251
2.237	1.68177
2.238	1.67111
2.239	1.66052
2.24	1.65
2.241	1.63955
2.242	1.62917
2.243	1.61886
2.244	1.60861
2.245	1.59843
2.246	1.58832
2.247	1.57828
2.248	1.56829
2.249	1.55838
2.25	1.54852
2.251	1.53873
2.252	1.52899
2.253	1.51932
2.254	1.50971
2.255	1.50015
2.256	1.49066
2.257	1.48122
2.258	1.47183
2.259	1.46251
2.26	1.45324
2.261	1.44402
2.262	1.43486
2.263	1.42575
2.264	1.41669
2.265	1.40769
2.266	1.39874
2.267	1.38983
2.268	1.38098
2.269	1.37218
2.27	1.36343
2.271	1.35472
2.272	1.34607
2.273	1.33746
2.274	1.32889
2.275	1.32038
2.276	1.31191
2.277	1.30348
2.278	1.2951
2.279	1.28676
2.28	1.27847
2.281	1.27022
2.282	1.26201
2.283	1.25385
2.284	1.24572
2.285	1.23764
2.286	1.2296
2.287	1.2216
2.288	1.21363
2.289	1.20571
2.29	1.19783
2.291	1.18998
2.292	1.18217
2.293	1.1744
2.294	1.16667
2.295	1.15898
2.296	1.15132
2.297	1.14369
2.298	1.1361
2.299	1.12855
2.3	1.12103
2.301	1.11355
2.302	1.1061
2.303	1.09868
2.304	1.09129
2.305	1.08394
2.306	1.07662
2.307	1.06934
2.308	1.06208
2.309	1.05486
2.31	1.04767
2.311	1.04051
2.312	1.03338
2.313	1.02627
2.314	1.0192
2.315	1.01216
2.316	1.00515
2.317	0.998164
2.318	0.991208
2.319	0.98428
2.32	0.97738
2.321	0.970508
2.322	0.963662
2.323	0.956844
2.324	0.950053
2.325	0.943287
2.326	0.936548
2.327	0.929834
2.328	0.923146
2.329	0.916484
2.33	0.909846
2.331	0.903232
2.332	0.896644
2.333	0.890079
2.334	0.883538
2.335	0.877021
2.336	0.870527
2.337	0.864056
2.338	0.857608
2.339	0.851183
2.34	0.84478
2.341	0.838399
2.342	0.83204
2.343	0.825703
2.344	0.819387
2.345	0.813092
2.346	0.806818
2.347	0.800565
2.348	0.794332
2.349	0.78812
2.35	0.781927
2.351	0.775755
2.352	0.769602
2.353	0.763468
2.354	0.757354
2.355	0.751258
2.356	0.745182
2.357	0.739124
2.358	0.733084
2.359	0.727062
2.36	0.721059
2.361	0.715073
2.362	0.709104
2.363	0.703153
2.364	0.697219
2.365	0.691303
2.366	0.685402
2.367	0.679519
2.368	0.673652
2.369	0.667801
2.37	0.661966
2.371	0.656147
2.372	0.650344
2.373	0.644556
2.374	0.638783
2.375	0.633026
2.376	0.627284
2.377	0.621556
2.378	0.615843
2.379	0.610145
2.38	0.60446
2.381	0.59879
2.382	0.593134
2.383	0.587492
2.384	0.581863
2.385	0.576248
2.386	0.570646
2.387	0.565058
2.388	0.559482
2.389	0.553919
2.39	0.548369
2.391	0.542831
2.392	0.537306
2.393	0.531793
2.394	0.526292
2.395	0.520803
2.396	0.515326
2.397	0.509861
2.398	0.504407
2.399	0.498964
2.4	0.493533
2.401	0.488113
2.402	0.482703
2.403	0.477305
2.404	0.471917
2.405	0.466539
2.406	0.461172
2.407	0.455815
2.408	0.450469
2.409	0.445132
2.41	0.439805
2.411	0.434488
2.412	0.42918
2.413	0.423882
2.414	0.418593
2.415	0.413313
2.416	0.408043
2.417	0.402781
2.418	0.397528
2.419	0.392284
2.42	0.387048
2.421	0.381821
2.422	0.376602
2.423	0.371391
2.424	0.366189
2.425	0.360994
2.426	0.355807
2.427	0.350628
2.428	0.345456
2.429	0.340292
2.43	0.335135
2.431	0.329985
2.432	0.324843
2.433	0.319707
2.434	0.314578
2.435	0.309456
2.436	0.304341
2.437	0.299232
2.438	0.29413
2.439	0.289034
2.44	0.283944
2.441	0.27886
2.442	0.273782
2.443	0.26871
2.444	0.263644
2.445	0.258583
2.446	0.253528
2.447	0.248479
2.448	0.243434
2.449	0.238395
2.45	0.233361
2.451	0.228332
2.452	0.223307
2.453	0.218288
2.454	0.213273
2.455	0.208263
2.456	0.203257
2.457	0.198256
2.458	0.193258
2.459	0.188265
2.46	0.183276
2.461	0.178291
2.462	0.17331
2.463	0.168332
2.464	0.163358
2.465	0.158388
2.466	0.153421
2.467	0.148457
2.468	0.143496
2.469	0.138539
2.47	0.133584
2.471	0.128633
2.472	0.123684
2.473	0.118738
2.474	0.113795
2.475	0.108854
2.476	0.103915
2.477	0.0989791
2.478	0.0940451
2.479	0.0891133
2.48	0.0841834
2.481	0.0792554
2.482	0.0743293
2.483	0.0694049
2.484	0.064482
2.485	0.0595607
2.486	0.0546409
2.487	0.0497223
2.488	0.0448049
2.489	0.0398887
2.49	0.0349735
2.491	0.0300592
2.492	0.0251458
2.493	0.0202331
2.494	0.015321
2.495	0.0104095
2.496	0.00549837
2.497	0.00058761
2.498	-0.0043229
2.499	-0.00923326
2.5	-0.0141436
2.501	-0.0190539
2.502	-0.0239644
2.503	-0.0288752
2.504	-0.0337863
2.505	-0.0386978
2.506	-0.0436098
2.507	-0.0485225
2.508	-0.0534359
2.509	-0.0583501
2.51	-0.0632653
2.511	-0.0681815
2.512	-0.0730988
2.513	-0.0780173
2.514	-0.0829371
2.515	-0.0878584
2.516	-0.0927811
2.517	-0.0977055
2.518	-0.102632
2.519	-0.107559
2.52	-0.112489
2.521	-0.117421
2.522	-0.122355
2.523	-0.127291
2.524	-0.132229
2.525	-0.13717
2.526	-0.142113
2.527	-0.147059
2.528	-0.152008
2.529	-0.156959
2.53	-0.161913
2.531	-0.166871
2.532	-0.171831
2.533	-0.176795
2.534	-0.181761
2.535	-0.186732
2.536	-0.191706
2.537	-0.196683
2.538	-0.201664
2.539	-0.206649
2.54	-0.211638
2.541	-0.216631
2.542	-0.221628
2.543	-0.226629
2.544	-0.231634
2.545	-0.236644
2.546	-0.241659
2.547	-0.246678
2.548	-0.251702
2.549	-0.256731
2.55	-0.261765
2.551	-0.266804
2.552	-0.271848
2.553	-0.276897
2.554	-0.281952
2.555	-0.287012
2.556	-0.292078
2.557	-0.297149
2.558	-0.302227
2.559	-0.30731
2.56	-0.312399
2.561	-0.317495
2.562	-0.322597
2.563	-0.327705
2.564	-0.33282
2.565	-0.337941
2.566	-0.343069
2.567	-0.348204
2.568	-0.353346
2.569	-0.358495
2.57	-0.363651
2.571	-0.368815
2.572	-0.373986
2.573	-0.379164
2.574	-0.384351
2.575	-0.389545
2.576	-0.394746
2.577	-0.399956
2.578	-0.405174
2.579	-0.410401
2.58	-0.415636
2.581	-0.420879
2.582	-0.426131
2.583	-0.431391
2.584	-0.436661
2.585	-0.44194
2.586	-0.447227
2.587	-0.452525
2.588	-0.457831
2.589	-0.463147
2.59	-0.468473
2.591	-0.473808
2.592	-0.479154
2.593	-0.484509
2.594	-0.489875
2.595	-0.495251
2.596	-0.500637
2.597	-0.506035
2.598	-0.511443
2.599	-0.516861
2.6	-0.522291
2.601	-0.527732
2.602	-0.533184
2.603	-0.538648
2.604	-0.544124
2.605	-0.549611
2.606	-0.55511
2.607	-0.560621
2.608	-0.566144
2.609	-0.57168
2.61	-0.577228
2.611	-0.582789
2.612	-0.588362
2.613	-0.593949
2.614	-0.599548
2.615	-0.605161
2.616	-0.610787
2.617	-0.616427
2.618	-0.622081
2.619	-0.627748
2.62	-0.63343
2.621	-0.639126
2.622	-0.644836
2.623	-0.650561
2.624	-0.6563
2.625	-0.662055
2.626	-0.667824
2.627	-0.673609
2.628	-0.679409
2.629	-0.685225
2.63	-0.691057
2.631	-0.696904
2.632	-0.702768
2.633	-0.708648
2.634	-0.714545
2.635	-0.720458
2.636	-0.726388
2.637	-0.732335
2.638	-0.7383
2.639	-0.744282
2.64	-0.750281
2.641	-0.756299
2.642	-0.762334
2.643	-0.768388
2.644	-0.77446
2.645	-0.780551
2.646	-0.786661
2.647	-0.79279
2.648	-0.798938
2.649	-0.805106
2.65	-0.811293
2.651	-0.8175
2.652	-0.823728
2.653	-0.829975
2.654	-0.836244
2.655	-0.842533
2.656	-0.848843
2.657	-0.855175
2.658	-0.861528
2.659	-0.867903
2.66	-0.874299
2.661	-0.880718
2.662	-0.88716
2.663	-0.893624
2.664	-0.900111
2.665	-0.906622
2.666	-0.913156
2.667	-0.919713
2.668	-0.926295
2.669	-0.932901
2.67	-0.939531
2.671	-0.946186
2.672	-0.952866
2.673	-0.959572
2.674	-0.966303
2.675	-0.97306
2.676	-0.979843
2.677	-0.986653
2.678	-0.993489
2.679	-1.00035
2.68	-1.00724
2.681	-1.01416
2.682	-1.02111
2.683	-1.02808
2.684	-1.03509
2.685	-1.04212
2.686	-1.04918
2.687	-1.05627
2.688	-1.06339
2.689	-1.07054
2.69	-1.07772
2.691	-1.08493
2.692	-1.09218
2.693	-1.09945
2.694	-1.10676
2.695	-1.1141
2.696	-1.12147
2.697	-1.12887
2.698	-1.13631
2.699	-1.14378
2.7	-1.15129
2.701	-1.15883
2.702	-1.1664
2.703	-1.17401
2.704	-1.18166
2.705	-1.18934
2.706	-1.19706
2.707	-1.20481
2.708	-1.2126
2.709	-1.22043
2.71	-1.2283
2.711	-1.23621
2.712	-1.24415
2.713	-1.25214
2.714	-1.26016
2.715	-1.26823
2.716	-1.27633
2.717	-1.28448
2.718	-1.29267
2.719	-1.3009
2.72	-1.30917
2.721	-1.31749
2.722	-1.32585
2.723	-1.33426
2.724	-1.34271
2.725	-1.3512
2.726	-1.35974
2.727	-1.36833
2.728	-1.37696
2.729	-1.38565
2.73	-1.39438
2.731	-1.40315
2.732	-1.41198
2.733	-1.42086
2.734	-1.42979
2.735	-1.43877
2.736	-1.4478
2.737	-1.45688
2.738	-1.46601
2.739	-1.4752
2.74	-1.48445
2.741	-1.49374
2.742	-1.5031
2.743	-1.51251
2.744	-1.52197
2.745	-1.5315
2.746	-1.54108
2.747	-1.55072
2.748	-1.56042
2.749	-1.57018
2.75	-1.58001
2.751	-1.58989
2.752	-1.59984
2.753	-1.60985
2.754	-1.61992
2.755	-1.63007
2.756	-1.64027
2.757	-1.65055
2.758	-1.66089
2.759	-1.6713
2.76	-1.68178
2.761	-1.69233
2.762	-1.70295
2.763	-1.71365
2.764	-1.72441
2.765	-1.73526
2.766	-1.74617
2.767	-1.75717
2.768	-1.76824
2.769	-1.77939
2.77	-1.79061
2.771	-1.80192
2.772	-1.81331
2.773	-1.82479
2.774	-1.83634
2.775	-1.84798
2.776	-1.85971
2.777	-1.87153
2.778	-1.88343
2.779	-1.89542
2.78	-1.90751
2.781	-1.91969
2.782	-1.93196
2.783	-1.94432
2.784	-1.95678
2.785	-1.96934
2.786	-1.982
2.787	-1.99476
2.788	-2.00762
2.789	-2.02058
2.79	-2.03365
2.791	-2.04682
2.792	-2.06011
2.793	-2.0735
2.794	-2.087
2.795	-2.10062
2.796	-2.11435
2.797	-2.1282
2.798	-2.14216
2.799	-2.15625
2.8	-2.17046
2.801	-2.18479
2.802	-2.19924
2.803	-2.21383
2.804	-2.22854
2.805	-2.24338
2.806	-2.25836
2.807	-2.27347
2.808	-2.28873
2.809	-2.30412
2.81	-2.31965
2.811	-2.33533
2.812	-2.35115
2.813	-2.36712
2.814	-2.38325
2.815	-2.39953
2.816	-2.41596
2.817	-2.43256
2.818	-2.44932
2.819	-2.46624
2.82	-2.48333
2.821	-2.50058
2.822	-2.51802
2.823	-2.53562
2.824	-2.55341
2.825	-2.57138
2.826	-2.58953
2.827	-2.60788
2.828	-2.62641
2.829	-2.64514
2.83	-2.66407
2.831	-2.6832
2.832	-2.70254
2.833	-2.72209
2.834	-2.74185
2.835	-2.76183
2.836	-2.78203
2.837	-2.80245
2.838	-2.82311
2.839	-2.844
2.84	-2.86513
2.841	-2.8865
2.842	-2.90811
2.843	-2.92998
2.844	-2.95211
2.845	-2.9745
2.846	-2.99716
2.847	-3.02009
2.848	-3.0433
2.849	-3.06679
2.85	-3.09058
2.851	-3.11465
2.852	-3.13903
2.853	-3.16372
2.854	-3.18872
2.855	-3.21404
2.856	-3.23968
2.857	-3.26566
2.858	-3.29199
2.859	-3.31866
2.86	-3.34568
2.861	-3.37307
2.862	-3.40083
2.863	-3.42897
2.864	-3.4575
2.865	-3.48643
2.866	-3.51576
2.867	-3.5455
2.868	-3.57567
2.869	-3.60628
2.87	-3.63732
2.871	-3.66883
2.872	-3.70079
2.873	-3.73323
2.874	-3.76616
2.875	-3.79959
2.876	-3.83353
2.877	-3.868
2.878	-3.903
2.879	-3.93855
2.88	-3.97466
2.881	-4.01135
2.882	-4.04864
2.883	-4.08653
2.884	-4.12505
2.885	-4.1642
2.886	-4.20402
2.887	-4.2445
2.888	-4.28568
2.889	-4.32757
2.89	-4.37019
2.891	-4.41356
2.892	-4.45771
2.893	-4.50264
2.894	-4.5484
2.895	-4.59499
2.896	-4.64244
2.897	-4.69078
2.898	-4.74004
2.899	-4.79024
2.9	-4.8414
2.901	-4.89357
2.902	-4.94677
2.903	-5.00103
2.904	-5.05638
2.905	-5.11287
2.906	-5.17052
2.907	-5.22937
2.908	-5.28947
2.909	-5.35085
2.91	-5.41355
2.911	-5.47763
2.912	-5.54313
2.913	-5.61009
2.914	-5.67857
2.915	-5.74862
2.916	-5.8203
2.917	-5.89367
2.918	-5.96879
2.919	-6.04572
2.92	-6.12453
2.921	-6.20529
2.922	-6.28808
2.923	-6.37298
2.924	-6.46007
2.925	-6.54943
2.926	-6.64117
2.927	-6.73537
2.928	-6.83215
2.929	-6.9316
2.93	-7.03385
2.931	-7.13901
2.932	-7.24722
2.933	-7.3586
2.934	-7.47332
2.935	-7.59151
2.936	-7.71334
2.937	-7.83899
2.938	-7.96863
2.939	-8.10248
2.94	-8.24072
2.941	-8.3836
2.942	-8.53135
2.943	-8.68423
2.944	-8.8425
2.945	-9.00648
2.946	-9.17646
2.947	-9.35279
2.948	-9.53585
2.949	-9.72602
2.95	-9.92372
3.05	9.91123
3.051	9.71352
3.052	9.52335
3.053	9.34029
3.054	9.16396
3.055	8.99397
3.056	8.83
3.057	8.67172
3.058	8.51884
3.059	8.37109
3.06	8.22821
3.061	8.08996
3.062	7.95611
3.063	7.82646
3.064	7.70082
3.065	7.57898
3.066	7.46079
3.067	7.34607
3.068	7.23469
3.069	7.12648
3.07	7.02131
3.071	6.91906
3.072	6.81961
3.073	6.72283
3.074	6.62862
3.075	6.53688
3.076	6.44752
3.077	6.36043
3.078	6.27552
3.079	6.19273
3.08	6.11197
3.081	6.03315
3.082	5.95622
3.083	5.8811
3.084	5.80773
3.085	5.73605
3.086	5.66599
3.087	5.59751
3.088	5.53054
3.089	5.46505
3.09	5.40096
3.091	5.33826
3.092	5.27687
3.093	5.21677
3.094	5.15792
3.095	5.10026
3.096	5.04378
3.097	4.98842
3.098	4.93415
3.099	4.88095
3.1	4.82878
3.101	4.77761
3.102	4.72741
3.103	4.67815
3.104	4.6298
3.105	4.58235
3.106	4.53575
3.107	4.49
3.108	4.44506
3.109	4.40091
3.11	4.35754
3.111	4.31491
3.112	4.27302
3.113	4.23183
3.114	4.19134
3.115	4.15153
3.116	4.11237
3.117	4.07385
3.118	4.03595
3.119	3.99866
3.12	3.96197
3.121	3.92585
3.122	3.89029
3.123	3.85529
3.124	3.82082
3.125	3.78688
3.126	3.75344
3.127	3.72051
3.128	3.68806
3.129	3.65609
3.13	3.62459
3.131	3.59353
3.132	3.56293
3.133	3.53275
3.134	3.503
3.135	3.47367
3.136	3.44474
3.137	3.4162
3.138	3.38806
3.139	3.36029
3.14	3.3329
3.141	3.30587
3.142	3.27919
3.143	3.25287
3.144	3.22688
3.145	3.20123
3.146	3.1759
3.147	3.1509
3.148	3.12621
3.149	3.10183
3.15	3.07774
3.151	3.05396
3.152	3.03046
3.153	3.00724
3.154	2.98431
3.155	2.96165
3.156	2.93925
3.157	2.91712
3.158	2.89524
3.159	2.87362
3.16	2.85224
3.161	2.83111
3.162	2.81021
3.163	2.78955
3.164	2.76912
3.165	2.74892
3.166	2.72893
3.167	2.70917
3.168	2.68961
3.169	2.67027
3.17	2.65113
3.171	2.6322
3.172	2.61346
3.173	2.59492
3.174	2.57657
3.175	2.55841
3.176	2.54043
3.177	2.52264
3.178	2.50503
3.179	2.48759
3.18	2.47032
3.181	2.45323
3.182	2.4363
3.183	2.41954
3.184	2.40294
3.185	2.3865
3.186	2.37021
3.187	2.35408
3.188	2.3381
3.189	2.32227
3.19	2.30659
3.191	2.29105
3.192	2.27565
3.193	2.26039
3.194	2.24527
3.195	2.23029
3.196	2.21544
3.197	2.20072
3.198	2.18613
3.199	2.17166
3.2	2.15733
3.201	2.14311
3.202	2.12902
3.203	2.11505
3.204	2.10119
3.205	2.08746
3.206	2.07383
3.207	2.06032
3.208	2.04692
3.209	2.03363
3.21	2.02045
3.211	2.00737
3.212	1.9944
3.213	1.98153
3.214	1.96877
3.215	1.9561
3.216	1.94354
3.217	1.93107
3.218	1.9187
3.219	1.90642
3.22	1.89423
3.221	1.88214
3.222	1.87014
3.223	1.85823
3.224	1.84641
3.225	1.83467
3.226	1.82302
3.227	1.81146
3.228	1.79998
3.229	1.78858
3.23	1.77726
3.231	1.76603
3.232	1.75487
3.233	1.74379
3.234	1.73279
3.235	1.72186
3.236	1.71101
3.237	1.70024
3.238	1.68954
3.239	1.67891
3.24	1.66835
3.241	1.65786
3.242	1.64744
3.243	1.63709
3.244	1.62681
3.245	1.61659
3.246	1.60644
3.247	1.59636
3.248	1.58634
3.249	1.57638
3.25	1.56649
3.251	1.55666
3.252	1.54689
3.253	1.53718
3.254	1.52753
3.255	1.51794
3.256	1.5084
3.257	1.49893
3.258	1.48951
3.259	1.48015
3.26	1.47084
3.261	1.46159
3.262	1.45239
3.263	1.44324
3.264	1.43415
3.265	1.42511
3.266	1.41613
3.267	1.40719
3.268	1.3983
3.269	1.38946
3.27	1.38068
3.271	1.37194
3.272	1.36325
3.273	1.3546
3.274	1.34601
3.275	1.33746
3.276	1.32895
3.277	1.32049
3.278	1.31208
3.279	1.30371
3.28	1.29538
3.281	1.2871
3.282	1.27885
3.283	1.27066
3.284	1.2625
3.285	1.25438
3.286	1.24631
3.287	1.23827
3.288	1.23028
3.289	1.22232
3.29	1.21441
3.291	1.20653
3.292	1.19869
3.293	1.19089
3.294	1.18312
3.295	1.17539
3.296	1.1677
3.297	1.16004
3.298	1.15242
3.299	1.14484
3.3	1.13729
3.301	1.12977
3.302	1.12229
3.303	1.11484
3.304	1.10743
3.305	1.10004
3.306	1.0927
3.307	1.08538
3.308	1.07809
3.309	1.07084
3.31	1.06362
3.311	1.05642
3.312	1.04926
3.313	1.04213
3.314	1.03503
3.315	1.02796
3.316	1.02091
3.317	1.0139
3.318	1.00691
3.319	0.999955
3.32	0.993025
3.321	0.986123
3.322	0.979248
3.323	0.972401
3.324	0.96558
3.325	0.958785
3.326	0.952016
3.327	0.945274
3.328	0.938556
3.329	0.931864
3.33	0.925198
3.331	0.918555
3.332	0.911938
3.333	0.905344
3.334	0.898775
3.335	0.892229
3.336	0.885707
3.337	0.879207
3.338	0.872731
3.339	0.866277
3.34	0.859846
3.341	0.853437
3.342	0.84705
3.343	0.840685
3.344	0.834341
3.345	0.828018
3.346	0.821717
3.347	0.815436
3.348	0.809176
3.349	0.802936
3.35	0.796716
3.351	0.790516
3.352	0.784336
3.353	0.778175
3.354	0.772033
3.355	0.765911
3.356	0.759807
3.357	0.753722
3.358	0.747655
3.359	0.741607
3.36	0.735576
3.361	0.729563
3.362	0.723568
3.363	0.717591
3.364	0.71163
3.365	0.705687
3.366	0.699761
3.367	0.693851
3.368	0.687957
3.369	0.68208
3.37	0.676219
3.371	0.670374
3.372	0.664545
3.373	0.658731
3.374	0.652933
3.375	0.647149
3.376	0.641381
3.377	0.635628
3.378	0.62989
3.379	0.624165
3.38	0.618456
3.381	0.61276
3.382	0.607079
3.383	0.601411
3.384	0.595757
3.385	0.590117
3.386	0.58449
3.387	0.578876
3.388	0.573275
3.389	0.567688
3.39	0.562113
3.391	0.55655
3.392	0.551
3.393	0.545462
3.394	0.539937
3.395	0.534423
3.396	0.528922
3.397	0.523432
3.398	0.517953
3.399	0.512486
3.4	0.507031
3.401	0.501586
3.402	0.496152
3.403	0.490729
3.404	0.485317
3.405	0.479916
3.406	0.474525
3.407	0.469144
3.408	0.463773
3.409	0.458413
3.41	0.453062
3.411	0.447721
3.412	0.44239
3.413	0.437068
3.414	0.431756
3.415	0.426453
3.416	0.421158
3.417	0.415873
3.418	0.410597
3.419	0.40533
3.42	0.400071
3.421	0.39482
3.422	0.389578
3.423	0.384344
3.424	0.379118
3.425	0.373901
3.426	0.368691
3.427	0.363489
3.428	0.358294
3.429	0.353107
3.43	0.347927
3.431	0.342755
3.432	0.33759
3.433	0.332432
3.434	0.32728
3.435	0.322136
3.436	0.316998
3.437	0.311867
3.438	0.306742
3.439	0.301624
3.44	0.296511
3.441	0.291405
3.442	0.286305
3.443	0.281211
3.444	0.276123
3.445	0.27104
3.446	0.265963
3.447	0.260891
3.448	0.255825
3.449	0.250764
3.45	0.245708
3.451	0.240657
3.452	0.235611
3.453	0.23057
3.454	0.225534
3.455	0.220502
3.456	0.215474
3.457	0.210451
3.458	0.205433
3.459	0.200418
3.46	0.195408
3.461	0.190401
3.462	0.185399
3.463	0.1804
3.464	0.175405
3.465	0.170413
3.466	0.165425
3.467	0.16044
3.468	0.155459
3.469	0.15048
3.47	0.145505
3.471	0.140533
3.472	0.135563
3.473	0.130596
3.474	0.125632
3.475	0.12067
3.476	0.115711
3.477	0.110754
3.478	0.1058
3.479	0.100847
3.48	0.0958971
3.481	0.0909487
3.482	0.0860021
3.483	0.0810573
3.484	0.0761141
3.485	0.0711725
3.486	0.0662324
3.487	0.0612936
3.488	0.0563561
3.489	0.0514197
3.49	0.0464845
3.491	0.0415501
3.492	0.0366167
3.493	0.031684
3.494	0.026752
3.495	0.0218206
3.496	0.0168896
3.497	0.011959
3.498	0.00702874
3.499	0.00209865
3.5	-0.00283136
3.501	-0.00776138
3.502	-0.0126915
3.503	-0.0176218
3.504	-0.0225524
3.505	-0.0274835
3.506	-0.032415
3.507	-0.0373471
3.508	-0.0422799
3.509	-0.0472135
3.51	-0.052148
3.511	-0.0570834
3.512	-0.0620199
3.513	-0.0669577
3.514	-0.0718966
3.515	-0.076837
3.516	-0.0817789
3.517	-0.0867223
3.518	-0.0916673
3.519	-0.0966142
3.52	-0.101563
3.521	-0.106514
3.522	-0.111466
3.523	-0.116421
3.524	-0.121378
3.525	-0.126338
3.526	-0.1313
3.527	-0.136265
3.528	-0.141232
3.529	-0.146202
3.53	-0.151175
3.531	-0.15615
3.532	-0.161129
3.533	-0.166111
3.534	-0.171097
3.535	-0.176085
3.536	-0.181078
3.537	-0.186073
3.538	-0.191073
3.539	-0.196076
3.54	-0.201083
3.541	-0.206094
3.542	-0.211109
3.543	-0.216129
3.544	-0.221152
3.545	-0.22618
3.546	-0.231213
3.547	-0.23625
3.548	-0.241292
3.549	-0.246339
3.55	-0.25139
3.551	-0.256447
3.552	-0.261509
3.553	-0.266576
3.554	-0.271648
3.555	-0.276726
3.556	-0.28181
3.557	-0.286899
3.558	-0.291994
3.559	-0.297095
3.56	-0.302202
3.561	-0.307315
3.562	-0.312435
3.563	-0.31756
3.564	-0.322692
3.565	-0.327831
3.566	-0.332977
3.567	-0.338129
3.568	-0.343288
3.569	-0.348455
3.57	-0.353628
3.571	-0.358809
3.572	-0.363997
3.573	-0.369193
3.574	-0.374396
3.575	-0.379607
3.576	-0.384826
3.577	-0.390053
3.578	-0.395288
3.579	-0.400531
3.58	-0.405783
3.581	-0.411043
3.582	-0.416312
3.583	-0.42159
3.584	-0.426876
3.585	-0.432171
3.586	-0.437476
3.587	-0.44279
3.588	-0.448113
3.589	-0.453446
3.59	-0.458788
3.591	-0.46414
3.592	-0.469502
3.593	-0.474874
3.594	-0.480256
3.595	-0.485649
3.596	-0.491052
3.597	-0.496465
3.598	-0.50189
3.599	-0.507325
3.6	-0.512771
3.601	-0.518228
3.602	-0.523697
3.603	-0.529177
3.604	-0.534669
3.605	-0.540172
3.606	-0.545687
3.607	-0.551214
3.608	-0.556754
3.609	-0.562305
3.61	-0.56787
3.611	-0.573446
3.612	-0.579036
3.613	-0.584638
3.614	-0.590254
3.615	-0.595883
3.616	-0.601525
3.617	-0.607181
3.618	-0.61285
3.619	-0.618533
3.62	-0.624231
3.621	-0.629942
3.622	-0.635668
3.623	-0.641409
3.624	-0.647164
3.625	-0.652934
3.626	-0.658719
3.627	-0.66452
3.628	-0.670335
3.629	-0.676167
3.63	-0.682014
3.631	-0.687877
3.632	-0.693756
3.633	-0.699652
3.634	-0.705563
3.635	-0.711492
3.636	-0.717438
3.637	-0.7234
3.638	-0.72938
3.639	-0.735377
3.64	-0.741392
3.641	-0.747425
3.642	-0.753475
3.643	-0.759544
3.644	-0.765632
3.645	-0.771738
3.646	-0.777863
3.647	-0.784006
3.648	-0.79017
3.649	-0.796352
3.65	-0.802555
3.651	-0.808777
3.652	-0.815019
3.653	-0.821282
3.654	-0.827565
3.655	-0.833869
3.656	-0.840194
3.657	-0.846541
3.658	-0.852908
3.659	-0.859298
3.66	-0.86571
3.661	-0.872143
3.662	-0.8786
3.663	-0.885078
3.664	-0.89158
3.665	-0.898105
3.666	-0.904654
3.667	-0.911226
3.668	-0.917822
3.669	-0.924442
3.67	-0.931087
3.671	-0.937757
3.672	-0.944451
3.673	-0.951171
3.674	-0.957917
3.675	-0.964688
3.676	-0.971486
3.677	-0.97831
3.678	-0.98516
3.679	-0.992038
3.68	-0.998943
3.681	-1.00588
3.682	-1.01284
3.683	-1.01982
3.684	-1.02684
3.685	-1.03389
3.686	-1.04096
3.687	-1.04807
3.688	-1.0552
3.689	-1.06237
3.69	-1.06956
3.691	-1.07679
3.692	-1.08405
3.693	-1.09133
3.694	-1.09865
3.695	-1.10601
3.696	-1.11339
3.697	-1.12081
3.698	-1.12826
3.699	-1.13575
3.7	-1.14327
3.701	-1.15082
3.702	-1.15841
3.703	-1.16603
3.704	-1.17369
3.705	-1.18139
3.706	-1.18912
3.707	-1.19689
3.708	-1.20469
3.709	-1.21254
3.71	-1.22042
3.711	-1.22834
3.712	-1.2363
3.713	-1.24429
3.714	-1.25233
3.715	-1.26041
3.716	-1.26853
3.717	-1.27669
3.718	-1.28489
3.719	-1.29314
3.72	-1.30143
3.721	-1.30976
3.722	-1.31813
3.723	-1.32655
3.724	-1.33501
3.725	-1.34352
3.726	-1.35207
3.727	-1.36068
3.728	-1.36932
3.729	-1.37802
3.73	-1.38676
3.731	-1.39555
3.732	-1.40439
3.733	-1.41328
3.734	-1.42222
3.735	-1.43122
3.736	-1.44026
3.737	-1.44936
3.738	-1.4585
3.739	-1.46771
3.74	-1.47696
3.741	-1.48627
3.742	-1.49564
3.743	-1.50506
3.744	-1.51454
3.745	-1.52408
3.746	-1.53367
3.747	-1.54333
3.748	-1.55304
3.749	-1.56282
3.75	-1.57265
3.751	-1.58255
3.752	-1.59251
3.753	-1.60253
3.754	-1.61262
3.755	-1.62278
3.756	-1.633
3.757	-1.64328
3.758	-1.65364
3.759	-1.66406
3.76	-1.67455
3.761	-1.68512
3.762	-1.69575
3.763	-1.70646
3.764	-1.71724
3.765	-1.72809
3.766	-1.73902
3.767	-1.75003
3.768	-1.76111
3.769	-1.77227
3.77	-1.78351
3.771	-1.79483
3.772	-1.80624
3.773	-1.81772
3.774	-1.82929
3.775	-1.84095
3.776	-1.85269
3.777	-1.86451
3.778	-1.87643
3.779	-1.88844
3.78	-1.90053
3.781	-1.91272
3.782	-1.925
3.783	-1.93738
3.784	-1.94985
3.785	-1.96243
3.786	-1.9751
3.787	-1.98787
3.788	-2.00074
3.789	-2.01371
3.79	-2.02679
3.791	-2.03998
3.792	-2.05328
3.793	-2.06668
3.794	-2.0802
3.795	-2.09383
3.796	-2.10757
3.797	-2.12143
3.798	-2.13541
3.799	-2.1495
3.8	-2.16372
3.801	-2.17807
3.802	-2.19253
3.803	-2.20713
3.804	-2.22186
3.805	-2.23671
3.806	-2.2517
3.807	-2.26683
3.808	-2.28209
3.809	-2.29749
3.81	-2.31304
3.811	-2.32873
3.812	-2.34456
3.813	-2.36055
3.814	-2.37669
3.815	-2.39298
3.816	-2.40942
3.817	-2.42603
3.818	-2.4428
3.819	-2.45973
3.82	-2.47683
3.821	-2.4941
3.822	-2.51155
3.823	-2.52917
3.824	-2.54697
3.825	-2.56495
3.826	-2.58311
3.827	-2.60147
3.828	-2.62002
3.829	-2.63876
3.83	-2.6577
3.831	-2.67684
3.832	-2.69619
3.833	-2.71575
3.834	-2.73552
3.835	-2.75551
3.836	-2.77572
3.837	-2.79616
3.838	-2.81683
3.839	-2.83773
3.84	-2.85887
3.841	-2.88025
3.842	-2.90188
3.843	-2.92376
3.844	-2.9459
3.845	-2.96831
3.846	-2.99098
3.847	-3.01392
3.848	-3.03714
3.849	-3.06064
3.85	-3.08444
3.851	-3.10853
3.852	-3.13292
3.853	-3.15761
3.854	-3.18262
3.855	-3.20796
3.856	-3.23362
3.857	-3.25961
3.858	-3.28594
3.859	-3.31262
3.86	-3.33966
3.861	-3.36706
3.862	-3.39484
3.863	-3.42299
3.864	-3.45153
3.865	-3.48047
3.866	-3.50981
3.867	-3.53957
3.868	-3.56975
3.869	-3.60036
3.87	-3.63142
3.871	-3.66293
3.872	-3.69491
3.873	-3.72737
3.874	-3.76031
3.875	-3.79375
3.876	-3.8277
3.877	-3.86218
3.878	-3.89719
3.879	-3.93275
3.88	-3.96888
3.881	-4.00558
3.882	-4.04288
3.883	-4.08078
3.884	-4.11931
3.885	-4.15848
3.886	-4.19831
3.887	-4.2388
3.888	-4.28
3.889	-4.3219
3.89	-4.36453
3.891	-4.40791
3.892	-4.45207
3.893	-4.49702
3.894	-4.54278
3.895	-4.58939
3.896	-4.63685
3.897	-4.68521
3.898	-4.73448
3.899	-4.78469
3.9	-4.83587
3.901	-4.88805
3.902	-4.94126
3.903	-4.99553
3.904	-5.0509
3.905	-5.10739
3.906	-5.16506
3.907	-5.22392
3.908	-5.28403
3.909	-5.34543
3.91	-5.40815
3.911	-5.47224
3.912	-5.53775
3.913	-5.60472
3.914	-5.67322
3.915	-5.74328
3.916	-5.81498
3.917	-5.88836
3.918	-5.96349
3.919	-6.04043
3.92	-6.11925
3.921	-6.20003
3.922	-6.28284
3.923	-6.36775
3.924	-6.45485
3.925	-6.54423
3.926	-6.63598
3.927	-6.7302
3.928	-6.82699
3.929	-6.92646
3.93	-7.02872
3.931	-7.1339
3.932	-7.24212
3.933	-7.35352
3.934	-7.46825
3.935	-7.58646
3.936	-7.70831
3.937	-7.83397
3.938	-7.96363
3.939	-8.09749
3.94	-8.23576
3.941	-8.37866
3.942	-8.52642
3.943	-8.67932
3.944	-8.83761
3.945	-9.0016
3.946	-9.17161
3.947	-9.34796
3.948	-9.53103
3.949	-9.72122
3.95	-9.91895
