1.001	4.99918
1.002	2.49916
1.003	1.66582
1.004	1.24913
1.005	0.999118
1.006	0.832437
1.007	0.713374
1.008	0.624073
1.009	0.554613
1.01	0.499043
1.011	0.453573
1.012	0.415679
1.013	0.383612
1.014	0.356125
1.015	0.3323
1.016	0.311452
1.017	0.293054
1.018	0.276699
1.019	0.262064
1.02	0.248891
1.021	0.236971
1.022	0.226133
1.023	0.216236
1.024	0.207163
1.025	0.198815
1.026	0.191107
1.027	0.183969
1.028	0.17734
1.029	0.171168
1.03	0.165405
1.031	0.160014
1.032	0.154958
1.033	0.150208
1.034	0.145736
1.035	0.141519
1.036	0.137536
1.037	0.133767
1.038	0.130195
1.039	0.126806
1.04	0.123586
1.041	0.120522
1.042	0.117603
1.043	0.114819
1.044	0.112161
1.045	0.10962
1.046	0.10719
1.047	0.104862
1.048	0.10263
1.049	0.100489
1.05	0.0984328
1.051	0.0964566
1.052	0.0945559
1.053	0.0927264
1.054	0.090964
1.055	0.0892651
1.056	0.0876264
1.057	0.0860446
1.058	0.0845168
1.059	0.0830403
1.06	0.0816125
1.061	0.080231
1.062	0.0788935
1.063	0.077598
1.064	0.0763426
1.065	0.0751252
1.066	0.0739443
1.067	0.0727982
1.068	0.0716853
1.069	0.0706042
1.07	0.0695535
1.071	0.0685321
1.072	0.0675385
1.073	0.0665717
1.074	0.0656307
1.075	0.0647143
1.076	0.0638216
1.077	0.0629517
1.078	0.0621037
1.079	0.0612768
1.08	0.0604701
1.081	0.059683
1.082	0.0589147
1.083	0.0581645
1.084	0.0574318
1.085	0.056716
1.086	0.0560164
1.087	0.0553326
1.088	0.0546639
1.089	0.0540099
1.09	0.0533701
1.091	0.052744
1.092	0.0521312
1.093	0.0515312
1.094	0.0509436
1.095	0.0503681
1.096	0.0498042
1.097	0.0492516
1.098	0.04871
1.099	0.048179
1.1	0.0476582
1.101	0.0471475
1.102	0.0466465
1.103	0.0461549
1.104	0.0456724
1.105	0.0451988
1.106	0.0447338
1.107	0.0442773
1.108	0.0438289
1.109	0.0433884
1.11	0.0429556
1.111	0.0425303
1.112	0.0421124
1.113	0.0417015
1.114	0.0412976
1.115	0.0409004
1.116	0.0405098
1.117	0.0401255
1.118	0.0397475
1.119	0.0393756
1.12	0.0390096
1.121	0.0386494
1.122	0.0382948
1.123	0.0379457
1.124	0.037602
1.125	0.0372635
1.126	0.0369302
1.127	0.0366018
1.128	0.0362783
1.129	0.0359595
1.13	0.0356454
1.131	0.0353358
1.132	0.0350307
1.133	0.0347299
1.134	0.0344334
1.135	0.034141
1.136	0.0338526
1.137	0.0335682
1.138	0.0332877
1.139	0.033011
1.14	0.032738
1.141	0.0324686
1.142	0.0322028
1.143	0.0319405
1.144	0.0316816
1.145	0.031426
1.146	0.0311736
1.147	0.0309245
1.148	0.0306786
1.149	0.0304356
1.15	0.0301958
1.151	0.0299588
1.152	0.0297248
1.153	0.0294935
1.154	0.0292651
1.155	0.0290394
1.156	0.0288164
1.157	0.0285959
1.158	0.0283781
1.159	0.0281628
1.16	0.0279499
1.161	0.0277395
1.162	0.0275315
1.163	0.0273258
1.164	0.0271224
1.165	0.0269212
1.166	0.0267223
1.167	0.0265255
1.168	0.0263309
1.169	0.0261384
1.17	0.0259479
1.171	0.0257595
1.172	0.025573
1.173	0.0253885
1.174	0.0252059
1.175	0.0250252
1.176	0.0248463
1.177	0.0246693
1.178	0.024494
1.179	0.0243205
1.18	0.0241488
1.181	0.0239787
1.182	0.0238103
1.183	0.0236436
1.184	0.0234784
1.185	0.0233149
1.186	0.0231529
1.187	0.0229925
1.188	0.0228336
1.189	0.0226761
1.19	0.0225202
1.191	0.0223656
1.192	0.0222125
1.193	0.0220608
1.194	0.0219105
1.195	0.0217615
1.196	0.0216139
1.197	0.0214676
1.198	0.0213225
1.199	0.0211787
1.2	0.0210362
1.201	0.020895
1.202	0.0207549
1.203	0.020616
1.204	0.0204783
1.205	0.0203418
1.206	0.0202064
1.207	0.0200722
1.208	0.019939
1.209	0.019807
1.21	0.019676
1.211	0.0195461
1.212	0.0194172
1.213	0.0192894
1.214	0.0191626
1.215	0.0190368
1.216	0.0189119
1.217	0.0187881
1.218	0.0186652
1.219	0.0185433
1.22	0.0184222
1.221	0.0183022
1.222	0.018183
1.223	0.0180647
1.224	0.0179473
1.225	0.0178308
1.226	0.0177151
1.227	0.0176003
1.228	0.0174863
1.229	0.0173731
1.23	0.0172608
1.231	0.0171493
1.232	0.0170385
1.233	0.0169285
1.234	0.0168193
1.235	0.0167109
1.236	0.0166032
1.237	0.0164963
1.238	0.0163901
1.239	0.0162846
1.24	0.0161798
1.241	0.0160757
1.242	0.0159723
1.243	0.0158696
1.244	0.0157676
1.245	0.0156663
1.246	0.0155656
1.247	0.0154655
1.248	0.0153661
1.249	0.0152673
1.25	0.0151692
1.251	0.0150717
1.252	0.0149748
1.253	0.0148785
1.254	0.0147828
1.255	0.0146876
1.256	0.0145931
1.257	0.0144991
1.258	0.0144057
1.259	0.0143129
1.26	0.0142206
1.261	0.0141289
1.262	0.0140377
1.263	0.013947
1.264	0.0138569
1.265	0.0137673
1.266	0.0136781
1.267	0.0135896
1.268	0.0135015
1.269	0.0134139
1.27	0.0133268
1.271	0.0132401
1.272	0.013154
1.273	0.0130683
1.274	0.0129831
1.275	0.0128984
1.276	0.0128141
1.277	0.0127303
1.278	0.0126469
1.279	0.0125639
1.28	0.0124814
1.281	0.0123993
1.282	0.0123177
1.283	0.0122365
1.284	0.0121556
1.285	0.0120752
1.286	0.0119952
1.287	0.0119156
1.288	0.0118364
1.289	0.0117576
1.29	0.0116792
1.291	0.0116012
1.292	0.0115235
1.293	0.0114462
1.294	0.0113693
1.295	0.0112928
1.296	0.0112166
1.297	0.0111408
1.298	0.0110653
1.299	0.0109902
1.3	0.0109154
1.301	0.010841
1.302	0.0107669
1.303	0.0106932
1.304	0.0106198
1.305	0.0105467
1.306	0.0104739
1.307	0.0104015
1.308	0.0103293
1.309	0.0102575
1.31	0.010186
1.311	0.0101148
1.312	0.0100439
1.313	0.00997331
1.314	0.00990301
1.315	0.00983301
1.316	0.00976329
1.317	0.00969387
1.318	0.00962472
1.319	0.00955586
1.32	0.00948728
1.321	0.00941897
1.322	0.00935093
1.323	0.00928316
1.324	0.00921566
1.325	0.00914842
1.326	0.00908143
1.327	0.00901471
1.328	0.00894824
1.329	0.00888203
1.33	0.00881606
1.331	0.00875034
1.332	0.00868486
1.333	0.00861962
1.334	0.00855462
1.335	0.00848986
1.336	0.00842533
1.337	0.00836103
1.338	0.00829696
1.339	0.00823312
1.34	0.00816949
1.341	0.00810609
1.342	0.00804291
1.343	0.00797994
1.344	0.00791719
1.345	0.00785465
1.346	0.00779232
1.347	0.00773019
1.348	0.00766827
1.349	0.00760655
1.35	0.00754503
1.351	0.00748371
1.352	0.00742258
1.353	0.00736165
1.354	0.00730091
1.355	0.00724036
1.356	0.00717999
1.357	0.00711981
1.358	0.00705981
1.359	0.007
1.36	0.00694036
1.361	0.0068809
1.362	0.00682162
1.363	0.00676251
1.364	0.00670357
1.365	0.0066448
1.366	0.00658619
1.367	0.00652776
1.368	0.00646948
1.369	0.00641137
1.37	0.00635342
1.371	0.00629562
1.372	0.00623799
1.373	0.0061805
1.374	0.00612317
1.375	0.00606599
1.376	0.00600896
1.377	0.00595208
1.378	0.00589534
1.379	0.00583875
1.38	0.0057823
1.381	0.00572599
1.382	0.00566982
1.383	0.00561379
1.384	0.0055579
1.385	0.00550213
1.386	0.00544651
1.387	0.00539101
1.388	0.00533564
1.389	0.0052804
1.39	0.00522529
1.391	0.0051703
1.392	0.00511543
1.393	0.00506069
1.394	0.00500607
1.395	0.00495156
1.396	0.00489718
1.397	0.00484291
1.398	0.00478875
1.399	0.00473471
1.4	0.00468078
1.401	0.00462696
1.402	0.00457325
1.403	0.00451964
1.404	0.00446614
1.405	0.00441275
1.406	0.00435946
1.407	0.00430627
1.408	0.00425319
1.409	0.0042002
1.41	0.00414731
1.411	0.00409452
1.412	0.00404182
1.413	0.00398921
1.414	0.0039367
1.415	0.00388428
1.416	0.00383195
1.417	0.00377971
1.418	0.00372756
1.419	0.00367549
1.42	0.00362351
1.421	0.00357161
1.422	0.00351979
1.423	0.00346806
1.424	0.0034164
1.425	0.00336483
1.426	0.00331333
1.427	0.00326191
1.428	0.00321056
1.429	0.00315929
1.43	0.00310809
1.431	0.00305696
1.432	0.00300591
1.433	0.00295492
1.434	0.002904
1.435	0.00285315
1.436	0.00280236
1.437	0.00275164
1.438	0.00270098
1.439	0.00265039
1.44	0.00259985
1.441	0.00254938
1.442	0.00249897
1.443	0.00244861
1.444	0.00239831
1.445	0.00234807
1.446	0.00229788
1.447	0.00224774
1.448	0.00219766
1.449	0.00214763
1.45	0.00209765
1.451	0.00204772
1.452	0.00199783
1.453	0.001948
1.454	0.00189821
1.455	0.00184846
1.456	0.00179876
1.457	0.00174911
1.458	0.00169949
1.459	0.00164991
1.46	0.00160038
1.461	0.00155088
1.462	0.00150142
1.463	0.001452
1.464	0.00140262
1.465	0.00135327
1.466	0.00130395
1.467	0.00125466
1.468	0.00120541
1.469	0.00115619
1.47	0.00110699
1.471	0.00105783
1.472	0.00100869
1.473	0.000959581
1.474	0.000910496
1.475	0.000861436
1.476	0.000812399
1.477	0.000763385
1.478	0.000714392
1.479	0.00066542
1.48	0.000616468
1.481	0.000567534
1.482	0.000518618
1.483	0.000469719
1.484	0.000420835
1.485	0.000371966
1.486	0.000323111
1.487	0.000274268
1.488	0.000225437
1.489	0.000176617
1.49	0.000127806
1.491	7.90048e-05
1.492	3.0211e-05
1.493	-1.85759e-05
1.494	-6.73569e-05
1.495	-0.000116133
1.496	-0.000164905
1.497	-0.000213674
1.498	-0.000262442
1.499	-0.000311208
1.5	-0.000359974
1.501	-0.000408741
1.502	-0.00045751
1.503	-0.000506282
1.504	-0.000555058
1.505	-0.000603839
1.506	-0.000652625
1.507	-0.000701418
1.508	-0.000750219
1.509	-0.000799029
1.51	-0.000847848
1.511	-0.000896678
1.512	-0.00094552
1.513	-0.000994374
1.514	-0.00104324
1.515	-0.00109212
1.516	-0.00114102
1.517	-0.00118994
1.518	-0.00123887
1.519	-0.00128782
1.52	-0.00133679
1.521	-0.00138578
1.522	-0.00143479
1.523	-0.00148383
1.524	-0.00153289
1.525	-0.00158197
1.526	-0.00163108
1.527	-0.00168021
1.528	-0.00172937
1.529	-0.00177856
1.53	-0.00182778
1.531	-0.00187703
1.532	-0.00192631
1.533	-0.00197563
1.534	-0.00202498
1.535	-0.00207436
1.536	-0.00212378
1.537	-0.00217323
1.538	-0.00222272
1.539	-0.00227225
1.54	-0.00232182
1.541	-0.00237143
1.542	-0.00242109
1.543	-0.00247078
1.544	-0.00252052
1.545	-0.0025703
1.546	-0.00262013
1.547	-0.00267001
1.548	-0.00271994
1.549	-0.00276991
1.55	-0.00281993
1.551	-0.00287001
1.552	-0.00292014
1.553	-0.00297032
1.554	-0.00302055
1.555	-0.00307084
1.556	-0.00312119
1.557	-0.0031716
1.558	-0.00322206
1.559	-0.00327258
1.56	-0.00332317
1.561	-0.00337382
1.562	-0.00342453
1.563	-0.0034753
1.564	-0.00352614
1.565	-0.00357705
1.566	-0.00362802
1.567	-0.00367907
1.568	-0.00373018
1.569	-0.00378137
1.57	-0.00383262
1.571	-0.00388395
1.572	-0.00393536
1.573	-0.00398684
1.574	-0.0040384
1.575	-0.00409004
1.576	-0.00414176
1.577	-0.00419355
1.578	-0.00424543
1.579	-0.0042974
1.58	-0.00434944
1.581	-0.00440158
1.582	-0.0044538
1.583	-0.00450611
1.584	-0.0045585
1.585	-0.00461099
1.586	-0.00466357
1.587	-0.00471625
1.588	-0.00476901
1.589	-0.00482188
1.59	-0.00487484
1.591	-0.0049279
1.592	-0.00498106
1.593	-0.00503432
1.594	-0.00508768
1.595	-0.00514115
1.596	-0.00519472
1.597	-0.0052484
1.598	-0.00530219
1.599	-0.00535608
1.6	-0.00541009
1.601	-0.00546421
1.602	-0.00551844
1.603	-0.00557279
1.604	-0.00562726
1.605	-0.00568184
1.606	-0.00573654
1.607	-0.00579136
1.608	-0.00584631
1.609	-0.00590138
1.61	-0.00595657
1.611	-0.00601189
1.612	-0.00606734
1.613	-0.00612292
1.614	-0.00617863
1.615	-0.00623448
1.616	-0.00629045
1.617	-0.00634657
1.618	-0.00640282
1.619	-0.00645921
1.62	-0.00651575
1.621	-0.00657242
1.622	-0.00662925
1.623	-0.00668621
1.624	-0.00674333
1.625	-0.00680059
1.626	-0.00685801
1.627	-0.00691558
1.628	-0.0069733
1.629	-0.00703118
1.63	-0.00708922
1.631	-0.00714741
1.632	-0.00720577
1.633	-0.0072643
1.634	-0.00732299
1.635	-0.00738184
1.636	-0.00744087
1.637	-0.00750007
1.638	-0.00755944
1.639	-0.00761898
1.64	-0.0076787
1.641	-0.00773861
1.642	-0.00779869
1.643	-0.00785895
1.644	-0.0079194
1.645	-0.00798004
1.646	-0.00804087
1.647	-0.00810188
1.648	-0.00816309
1.649	-0.0082245
1.65	-0.0082861
1.651	-0.00834791
1.652	-0.00840991
1.653	-0.00847212
1.654	-0.00853454
1.655	-0.00859716
1.656	-0.00866
1.657	-0.00872305
1.658	-0.00878631
1.659	-0.00884979
1.66	-0.0089135
1.661	-0.00897742
1.662	-0.00904157
1.663	-0.00910595
1.664	-0.00917056
1.665	-0.0092354
1.666	-0.00930048
1.667	-0.00936579
1.668	-0.00943134
1.669	-0.00949714
1.67	-0.00956318
1.671	-0.00962947
1.672	-0.00969601
1.673	-0.00976281
1.674	-0.00982986
1.675	-0.00989717
1.676	-0.00996474
1.677	-0.0100326
1.678	-0.0101007
1.679	-0.0101691
1.68	-0.0102377
1.681	-0.0103066
1.682	-0.0103758
1.683	-0.0104453
1.684	-0.0105151
1.685	-0.0105852
1.686	-0.0106555
1.687	-0.0107262
1.688	-0.0107971
1.689	-0.0108684
1.69	-0.0109399
1.691	-0.0110118
1.692	-0.011084
1.693	-0.0111565
1.694	-0.0112293
1.695	-0.0113024
1.696	-0.0113759
1.697	-0.0114497
1.698	-0.0115238
1.699	-0.0115983
1.7	-0.0116731
1.701	-0.0117482
1.702	-0.0118237
1.703	-0.0118996
1.704	-0.0119758
1.705	-0.0120524
1.706	-0.0121293
1.707	-0.0122066
1.708	-0.0122843
1.709	-0.0123623
1.71	-0.0124408
1.711	-0.0125196
1.712	-0.0125988
1.713	-0.0126784
1.714	-0.0127584
1.715	-0.0128388
1.716	-0.0129196
1.717	-0.0130009
1.718	-0.0130825
1.719	-0.0131646
1.72	-0.0132471
1.721	-0.01333
1.722	-0.0134134
1.723	-0.0134972
1.724	-0.0135814
1.725	-0.0136662
1.726	-0.0137513
1.727	-0.013837
1.728	-0.0139231
1.729	-0.0140096
1.73	-0.0140967
1.731	-0.0141843
1.732	-0.0142723
1.733	-0.0143608
1.734	-0.0144499
1.735	-0.0145394
1.736	-0.0146295
1.737	-0.0147201
1.738	-0.0148112
1.739	-0.0149029
1.74	-0.0149951
1.741	-0.0150878
1.742	-0.0151811
1.743	-0.015275
1.744	-0.0153694
1.745	-0.0154644
1.746	-0.01556
1.747	-0.0156562
1.748	-0.015753
1.749	-0.0158504
1.75	-0.0159484
1.751	-0.016047
1.752	-0.0161462
1.753	-0.0162461
1.754	-0.0163466
1.755	-0.0164478
1.756	-0.0165497
1.757	-0.0166522
1.758	-0.0167554
1.759	-0.0168593
1.76	-0.0169638
1.761	-0.0170691
1.762	-0.0171751
1.763	-0.0172818
1.764	-0.0173893
1.765	-0.0174975
1.766	-0.0176064
1.767	-0.0177161
1.768	-0.0178266
1.769	-0.0179379
1.77	-0.01805
1.771	-0.0181628
1.772	-0.0182765
1.773	-0.018391
1.774	-0.0185064
1.775	-0.0186226
1.776	-0.0187396
1.777	-0.0188576
1.778	-0.0189764
1.779	-0.0190961
1.78	-0.0192167
1.781	-0.0193383
1.782	-0.0194608
1.783	-0.0195842
1.784	-0.0197086
1.785	-0.019834
1.786	-0.0199603
1.787	-0.0200877
1.788	-0.0202161
1.789	-0.0203455
1.79	-0.020476
1.791	-0.0206075
1.792	-0.0207401
1.793	-0.0208739
1.794	-0.0210087
1.795	-0.0211446
1.796	-0.0212817
1.797	-0.02142
1.798	-0.0215594
1.799	-0.0217001
1.8	-0.021842
1.801	-0.0219851
1.802	-0.0221294
1.803	-0.022275
1.804	-0.022422
1.805	-0.0225702
1.806	-0.0227198
1.807	-0.0228707
1.808	-0.023023
1.809	-0.0231767
1.81	-0.0233318
1.811	-0.0234884
1.812	-0.0236464
1.813	-0.023806
1.814	-0.023967
1.815	-0.0241296
1.816	-0.0242938
1.817	-0.0244595
1.818	-0.0246269
1.819	-0.0247959
1.82	-0.0249666
1.821	-0.025139
1.822	-0.0253131
1.823	-0.025489
1.824	-0.0256666
1.825	-0.0258461
1.826	-0.0260275
1.827	-0.0262107
1.828	-0.0263959
1.829	-0.026583
1.83	-0.0267721
1.831	-0.0269632
1.832	-0.0271564
1.833	-0.0273516
1.834	-0.0275491
1.835	-0.0277487
1.836	-0.0279505
1.837	-0.0281545
1.838	-0.0283609
1.839	-0.0285696
1.84	-0.0287807
1.841	-0.0289942
1.842	-0.0292102
1.843	-0.0294287
1.844	-0.0296498
1.845	-0.0298735
1.846	-0.0300999
1.847	-0.030329
1.848	-0.0305609
1.849	-0.0307956
1.85	-0.0310333
1.851	-0.0312739
1.852	-0.0315175
1.853	-0.0317641
1.854	-0.032014
1.855	-0.032267
1.856	-0.0325233
1.857	-0.0327829
1.858	-0.0330459
1.859	-0.0333124
1.86	-0.0335825
1.861	-0.0338562
1.862	-0.0341337
1.863	-0.0344149
1.864	-0.0347
1.865	-0.0349891
1.866	-0.0352822
1.867	-0.0355795
1.868	-0.035881
1.869	-0.0361869
1.87	-0.0364972
1.871	-0.036812
1.872	-0.0371315
1.873	-0.0374557
1.874	-0.0377849
1.875	-0.038119
1.876	-0.0384582
1.877	-0.0388027
1.878	-0.0391525
1.879	-0.0395079
1.88	-0.0398688
1.881	-0.0402356
1.882	-0.0406083
1.883	-0.040987
1.884	-0.041372
1.885	-0.0417634
1.886	-0.0421614
1.887	-0.0425661
1.888	-0.0429777
1.889	-0.0433964
1.89	-0.0438225
1.891	-0.044256
1.892	-0.0446973
1.893	-0.0451465
1.894	-0.0456039
1.895	-0.0460696
1.896	-0.046544
1.897	-0.0470273
1.898	-0.0475197
1.899	-0.0480215
1.9	-0.048533
1.901	-0.0490546
1.902	-0.0495864
1.903	-0.0501288
1.904	-0.0506822
1.905	-0.0512469
1.906	-0.0518233
1.907	-0.0524117
1.908	-0.0530125
1.909	-0.0536261
1.91	-0.054253
1.911	-0.0548937
1.912	-0.0555485
1.913	-0.056218
1.914	-0.0569027
1.915	-0.057603
1.916	-0.0583197
1.917	-0.0590532
1.918	-0.0598043
1.919	-0.0605734
1.92	-0.0613614
1.921	-0.0621689
1.922	-0.0629967
1.923	-0.0638455
1.924	-0.0647163
1.925	-0.0656098
1.926	-0.0665271
1.927	-0.067469
1.928	-0.0684366
1.929	-0.0694311
1.93	-0.0704534
1.931	-0.0715049
1.932	-0.0725869
1.933	-0.0737007
1.934	-0.0748477
1.935	-0.0760295
1.936	-0.0772477
1.937	-0.0785041
1.938	-0.0798004
1.939	-0.0811388
1.94	-0.0825212
1.941	-0.0839499
1.942	-0.0854273
1.943	-0.086956
1.944	-0.0885387
1.945	-0.0901783
1.946	-0.0918781
1.947	-0.0936414
1.948	-0.0954719
1.949	-0.0973735
1.95	-0.0993505
1.951	-0.101408
1.952	-0.10355
1.953	-0.105782
1.954	-0.108111
1.955	-0.110543
1.956	-0.113084
1.957	-0.115743
1.958	-0.118528
1.959	-0.121448
1.96	-0.124513
1.961	-0.127734
1.962	-0.131124
1.963	-0.134697
1.964	-0.138467
1.965	-0.142451
1.966	-0.146669
1.967	-0.151142
1.968	-0.155893
1.969	-0.160949
1.97	-0.166342
1.971	-0.172105
1.972	-0.178279
1.973	-0.184909
1.974	-0.192048
1.975	-0.199756
1.976	-0.208106
1.977	-0.21718
1.978	-0.227077
1.979	-0.237916
1.98	-0.249837
1.981	-0.263011
1.982	-0.277647
1.983	-0.294003
1.984	-0.312402
1.985	-0.333251
1.986	-0.357077
1.987	-0.384566
1.988	-0.416633
1.989	-0.454528
1.99	-0.499999
1.991	-0.555571
1.992	-0.625031
1.993	-0.714333
1.994	-0.833397
1.995	-1.00008
1.996	-1.2501
1.997	-1.66678
1.998	-2.50013
1.999	-5.00014
2.001	4.99982
2.002	2.49981
2.003	1.66646
2.004	1.24977
2.005	0.999758
2.006	0.833075
2.007	0.714011
2.008	0.624709
2.009	0.555249
2.01	0.499677
2.011	0.454206
2.012	0.416311
2.013	0.384244
2.014	0.356755
2.015	0.332929
2.016	0.31208
2.017	0.293681
2.018	0.277325
2.019	0.262689
2.02	0.249515
2.021	0.237594
2.022	0.226755
2.023	0.216858
2.024	0.207784
2.025	0.199434
2.026	0.191725
2.027	0.184587
2.028	0.177957
2.029	0.171783
2.03	0.166019
2.031	0.160627
2.032	0.15557
2.033	0.150819
2.034	0.146347
2.035	0.142129
2.036	0.138144
2.037	0.134374
2.038	0.130802
2.039	0.127412
2.04	0.12419
2.041	0.121125
2.042	0.118205
2.043	0.115421
2.044	0.112762
2.045	0.11022
2.046	0.107788
2.047	0.105459
2.048	0.103227
2.049	0.101085
2.05	0.0990276
2.051	0.0970505
2.052	0.0951488
2.053	0.0933183
2.054	0.091555
2.055	0.0898552
2.056	0.0882155
2.057	0.0866327
2.058	0.085104
2.059	0.0836265
2.06	0.0821978
2.061	0.0808153
2.062	0.0794769
2.063	0.0781805
2.064	0.0769241
2.065	0.0757058
2.066	0.0745239
2.067	0.0733769
2.068	0.0722631
2.069	0.071181
2.07	0.0701295
2.071	0.069107
2.072	0.0681126
2.073	0.0671449
2.074	0.0662029
2.075	0.0652856
2.076	0.064392
2.077	0.0635212
2.078	0.0626722
2.079	0.0618444
2.08	0.0610368
2.081	0.0602488
2.082	0.0594796
2.083	0.0587285
2.084	0.0579949
2.085	0.0572781
2.086	0.0565777
2.087	0.0558929
2.088	0.0552234
2.089	0.0545685
2.09	0.0539278
2.091	0.0533008
2.092	0.052687
2.093	0.0520861
2.094	0.0514977
2.095	0.0509212
2.096	0.0503565
2.097	0.049803
2.098	0.0492605
2.099	0.0487285
2.1	0.0482069
2.101	0.0476953
2.102	0.0471934
2.103	0.0467009
2.104	0.0462176
2.105	0.0457431
2.106	0.0452773
2.107	0.0448198
2.108	0.0443705
2.109	0.0439292
2.11	0.0434955
2.111	0.0430694
2.112	0.0426506
2.113	0.0422388
2.114	0.041834
2.115	0.041436
2.116	0.0410445
2.117	0.0406594
2.118	0.0402805
2.119	0.0399078
2.12	0.0395409
2.121	0.0391798
2.122	0.0388244
2.123	0.0384745
2.124	0.0381299
2.125	0.0377905
2.126	0.0374563
2.127	0.0371271
2.128	0.0368027
2.129	0.0364831
2.13	0.0361682
2.131	0.0358578
2.132	0.0355518
2.133	0.0352502
2.134	0.0349528
2.135	0.0346595
2.136	0.0343704
2.137	0.0340851
2.138	0.0338038
2.139	0.0335262
2.14	0.0332524
2.141	0.0329822
2.142	0.0327156
2.143	0.0324524
2.144	0.0321927
2.145	0.0319363
2.146	0.0316831
2.147	0.0314332
2.148	0.0311864
2.149	0.0309427
2.15	0.0307019
2.151	0.0304642
2.152	0.0302293
2.153	0.0299973
2.154	0.029768
2.155	0.0295415
2.156	0.0293177
2.157	0.0290964
2.158	0.0288778
2.159	0.0286617
2.16	0.028448
2.161	0.0282368
2.162	0.028028
2.163	0.0278215
2.164	0.0276173
2.165	0.0274153
2.166	0.0272156
2.167	0.027018
2.168	0.0268226
2.169	0.0266293
2.17	0.026438
2.171	0.0262488
2.172	0.0260615
2.173	0.0258762
2.174	0.0256929
2.175	0.0255114
2.176	0.0253317
2.177	0.0251539
2.178	0.0249779
2.179	0.0248036
2.18	0.0246311
2.181	0.0244602
2.182	0.024291
2.183	0.0241235
2.184	0.0239576
2.185	0.0237933
2.186	0.0236306
2.187	0.0234694
2.188	0.0233097
2.189	0.0231515
2.19	0.0229947
2.191	0.0228395
2.192	0.0226856
2.193	0.0225331
2.194	0.022382
2.195	0.0222323
2.196	0.0220839
2.197	0.0219368
2.198	0.021791
2.199	0.0216465
2.2	0.0215032
2.201	0.0213612
2.202	0.0212204
2.203	0.0210808
2.204	0.0209423
2.205	0.020805
2.206	0.0206689
2.207	0.0205339
2.208	0.0204
2.209	0.0202672
2.21	0.0201355
2.211	0.0200049
2.212	0.0198753
2.213	0.0197467
2.214	0.0196191
2.215	0.0194926
2.216	0.019367
2.217	0.0192424
2.218	0.0191188
2.219	0.0189962
2.22	0.0188744
2.221	0.0187536
2.222	0.0186337
2.223	0.0185147
2.224	0.0183966
2.225	0.0182793
2.226	0.0181629
2.227	0.0180474
2.228	0.0179327
2.229	0.0178188
2.23	0.0177057
2.231	0.0175935
2.232	0.017482
2.233	0.0173713
2.234	0.0172614
2.235	0.0171523
2.236	0.0170439
2.237	0.0169362
2.238	0.0168293
2.239	0.0167231
2.24	0.0166176
2.241	0.0165128
2.242	0.0164087
2.243	0.0163053
2.244	0.0162026
2.245	0.0161006
2.246	0.0159992
2.247	0.0158984
2.248	0.0157983
2.249	0.0156989
2.25	0.0156
2.251	0.0155018
2.252	0.0154042
2.253	0.0153072
2.254	0.0152108
2.255	0.015115
2.256	0.0150198
2.257	0.0149251
2.258	0.014831
2.259	0.0147375
2.26	0.0146446
2.261	0.0145521
2.262	0.0144602
2.263	0.0143689
2.264	0.0142781
2.265	0.0141878
2.266	0.014098
2.267	0.0140087
2.268	0.01392
2.269	0.0138317
2.27	0.0137439
2.271	0.0136566
2.272	0.0135698
2.273	0.0134835
2.274	0.0133976
2.275	0.0133122
2.276	0.0132272
2.277	0.0131427
2.278	0.0130587
2.279	0.0129751
2.28	0.0128919
2.281	0.0128092
2.282	0.0127269
2.283	0.012645
2.284	0.0125635
2.285	0.0124824
2.286	0.0124018
2.287	0.0123215
2.288	0.0122417
2.289	0.0121622
2.29	0.0120831
2.291	0.0120045
2.292	0.0119261
2.293	0.0118482
2.294	0.0117707
2.295	0.0116935
2.296	0.0116167
2.297	0.0115402
2.298	0.0114641
2.299	0.0113883
2.3	0.0113129
2.301	0.0112378
2.302	0.0111631
2.303	0.0110887
2.304	0.0110147
2.305	0.0109409
2.306	0.0108675
2.307	0.0107945
2.308	0.0107217
2.309	0.0106493
2.31	0.0105771
2.311	0.0105053
2.312	0.0104338
2.313	0.0103625
2.314	0.0102916
2.315	0.010221
2.316	0.0101507
2.317	0.0100806
2.318	0.0100108
2.319	0.00994135
2.32	0.00987214
2.321	0.00980322
2.322	0.00973456
2.323	0.00966617
2.324	0.00959805
2.325	0.0095302
2.326	0.0094626
2.327	0.00939526
2.328	0.00932818
2.329	0.00926135
2.33	0.00919478
2.331	0.00912844
2.332	0.00906236
2.333	0.00899651
2.334	0.00893091
2.335	0.00886554
2.336	0.0088004
2.337	0.0087355
2.338	0.00867083
2.339	0.00860638
2.34	0.00854216
2.341	0.00847816
2.342	0.00841438
2.343	0.00835081
2.344	0.00828746
2.345	0.00822432
2.346	0.00816139
2.347	0.00809867
2.348	0.00803616
2.349	0.00797385
2.35	0.00791174
2.351	0.00784982
2.352	0.00778811
2.353	0.00772659
2.354	0.00766526
2.355	0.00760412
2.356	0.00754317
2.357	0.00748241
2.358	0.00742183
2.359	0.00736143
2.36	0.00730121
2.361	0.00724117
2.362	0.00718131
2.363	0.00712162
2.364	0.0070621
2.365	0.00700275
2.366	0.00694357
2.367	0.00688456
2.368	0.00682571
2.369	0.00676702
2.37	0.0067085
2.371	0.00665013
2.372	0.00659192
2.373	0.00653387
2.374	0.00647597
2.375	0.00641822
2.376	0.00636063
2.377	0.00630318
2.378	0.00624588
2.379	0.00618872
2.38	0.00613171
2.381	0.00607484
2.382	0.00601811
2.383	0.00596151
2.384	0.00590506
2.385	0.00584874
2.386	0.00579255
2.387	0.0057365
2.388	0.00568057
2.389	0.00562478
2.39	0.00556911
2.391	0.00551357
2.392	0.00545815
2.393	0.00540285
2.394	0.00534768
2.395	0.00529263
2.396	0.00523769
2.397	0.00518287
2.398	0.00512817
2.399	0.00507358
2.4	0.00501911
2.401	0.00496474
2.402	0.00491049
2.403	0.00485634
2.404	0.0048023
2.405	0.00474837
2.406	0.00469454
2.407	0.00464081
2.408	0.00458718
2.409	0.00453366
2.41	0.00448023
2.411	0.0044269
2.412	0.00437367
2.413	0.00432053
2.414	0.00426748
2.415	0.00421453
2.416	0.00416167
2.417	0.0041089
2.418	0.00405622
2.419	0.00400362
2.42	0.00395111
2.421	0.00389868
2.422	0.00384634
2.423	0.00379408
2.424	0.0037419
2.425	0.0036898
2.426	0.00363778
2.427	0.00358584
2.428	0.00353397
2.429	0.00348218
2.43	0.00343046
2.431	0.00337881
2.432	0.00332724
2.433	0.00327573
2.434	0.0032243
2.435	0.00317293
2.436	0.00312163
2.437	0.00307039
2.438	0.00301922
2.439	0.00296812
2.44	0.00291707
2.441	0.00286609
2.442	0.00281516
2.443	0.0027643
2.444	0.00271349
2.445	0.00266274
2.446	0.00261204
2.447	0.0025614
2.448	0.00251082
2.449	0.00246028
2.45	0.0024098
2.451	0.00235936
2.452	0.00230898
2.453	0.00225864
2.454	0.00220835
2.455	0.00215811
2.456	0.00210791
2.457	0.00205775
2.458	0.00200764
2.459	0.00195757
2.46	0.00190754
2.461	0.00185755
2.462	0.0018076
2.463	0.00175768
2.464	0.00170781
2.465	0.00165796
2.466	0.00160815
2.467	0.00155838
2.468	0.00150864
2.469	0.00145893
2.47	0.00140925
2.471	0.0013596
2.472	0.00130997
2.473	0.00126038
2.474	0.00121081
2.475	0.00116126
2.476	0.00111175
2.477	0.00106225
2.478	0.00101278
2.479	0.000963324
2.48	0.000913893
2.481	0.00086448
2.482	0.000815086
2.483	0.00076571
2.484	0.00071635
2.485	0.000667005
2.486	0.000617675
2.487	0.000568358
2.488	0.000519054
2.489	0.000469761
2.49	0.000420479
2.491	0.000371207
2.492	0.000321943
2.493	0.000272686
2.494	0.000223437
2.495	0.000174193
2.496	0.000124953
2.497	7.57175e-05
2.498	2.64846e-05
2.499	-2.27466e-05
2.5	-7.1977e-05
2.501	-0.000121208
2.502	-0.000170439
2.503	-0.000219673
2.504	-0.00026891
2.505	-0.000318151
2.506	-0.000367397
2.507	-0.000416649
2.508	-0.000465909
2.509	-0.000515176
2.51	-0.000564452
2.511	-0.000613738
2.512	-0.000663035
2.513	-0.000712344
2.514	-0.000761665
2.515	-0.000811001
2.516	-0.000860351
2.517	-0.000909718
2.518	-0.000959101
2.519	-0.0010085
2.52	-0.00105792
2.521	-0.00110736
2.522	-0.00115682
2.523	-0.0012063
2.524	-0.00125581
2.525	-0.00130534
2.526	-0.00135489
2.527	-0.00140447
2.528	-0.00145407
2.529	-0.00150371
2.53	-0.00155337
2.531	-0.00160306
2.532	-0.00165278
2.533	-0.00170254
2.534	-0.00175232
2.535	-0.00180215
2.536	-0.001852
2.537	-0.00190189
2.538	-0.00195182
2.539	-0.00200179
2.54	-0.00205179
2.541	-0.00210184
2.542	-0.00215192
2.543	-0.00220205
2.544	-0.00225222
2.545	-0.00230244
2.546	-0.0023527
2.547	-0.00240301
2.548	-0.00245336
2.549	-0.00250376
2.55	-0.00255422
2.551	-0.00260472
2.552	-0.00265527
2.553	-0.00270588
2.554	-0.00275654
2.555	-0.00280726
2.556	-0.00285803
2.557	-0.00290886
2.558	-0.00295974
2.559	-0.00301069
2.56	-0.0030617
2.561	-0.00311276
2.562	-0.00316389
2.563	-0.00321509
2.564	-0.00326635
2.565	-0.00331767
2.566	-0.00336906
2.567	-0.00342053
2.568	-0.00347206
2.569	-0.00352366
2.57	-0.00357533
2.571	-0.00362707
2.572	-0.00367889
2.573	-0.00373079
2.574	-0.00378276
2.575	-0.00383481
2.576	-0.00388693
2.577	-0.00393914
2.578	-0.00399143
2.579	-0.0040438
2.58	-0.00409626
2.581	-0.0041488
2.582	-0.00420143
2.583	-0.00425414
2.584	-0.00430694
2.585	-0.00435984
2.586	-0.00441282
2.587	-0.0044659
2.588	-0.00451907
2.589	-0.00457233
2.59	-0.0046257
2.591	-0.00467916
2.592	-0.00473272
2.593	-0.00478638
2.594	-0.00484014
2.595	-0.00489401
2.596	-0.00494798
2.597	-0.00500205
2.598	-0.00505624
2.599	-0.00511053
2.6	-0.00516493
2.601	-0.00521944
2.602	-0.00527407
2.603	-0.00532881
2.604	-0.00538367
2.605	-0.00543864
2.606	-0.00549373
2.607	-0.00554895
2.608	-0.00560428
2.609	-0.00565974
2.61	-0.00571532
2.611	-0.00577103
2.612	-0.00582687
2.613	-0.00588284
2.614	-0.00593893
2.615	-0.00599516
2.616	-0.00605153
2.617	-0.00610803
2.618	-0.00616466
2.619	-0.00622144
2.62	-0.00627836
2.621	-0.00633541
2.622	-0.00639262
2.623	-0.00644996
2.624	-0.00650746
2.625	-0.0065651
2.626	-0.0066229
2.627	-0.00668084
2.628	-0.00673894
2.629	-0.0067972
2.63	-0.00685562
2.631	-0.00691419
2.632	-0.00697292
2.633	-0.00703182
2.634	-0.00709089
2.635	-0.00715012
2.636	-0.00720951
2.637	-0.00726908
2.638	-0.00732883
2.639	-0.00738874
2.64	-0.00744883
2.641	-0.00750911
2.642	-0.00756956
2.643	-0.00763019
2.644	-0.00769101
2.645	-0.00775201
2.646	-0.00781321
2.647	-0.00787459
2.648	-0.00793617
2.649	-0.00799794
2.65	-0.00805991
2.651	-0.00812207
2.652	-0.00818444
2.653	-0.00824701
2.654	-0.00830979
2.655	-0.00837278
2.656	-0.00843598
2.657	-0.00849938
2.658	-0.00856301
2.659	-0.00862685
2.66	-0.00869091
2.661	-0.0087552
2.662	-0.0088197
2.663	-0.00888444
2.664	-0.0089494
2.665	-0.0090146
2.666	-0.00908003
2.667	-0.0091457
2.668	-0.00921161
2.669	-0.00927776
2.67	-0.00934415
2.671	-0.00941079
2.672	-0.00947769
2.673	-0.00954483
2.674	-0.00961224
2.675	-0.0096799
2.676	-0.00974782
2.677	-0.00981601
2.678	-0.00988446
2.679	-0.00995318
2.68	-0.0100222
2.681	-0.0100915
2.682	-0.010161
2.683	-0.0102308
2.684	-0.010301
2.685	-0.0103714
2.686	-0.0104421
2.687	-0.0105131
2.688	-0.0105844
2.689	-0.010656
2.69	-0.0107279
2.691	-0.0108001
2.692	-0.0108726
2.693	-0.0109454
2.694	-0.0110186
2.695	-0.0110921
2.696	-0.0111659
2.697	-0.01124
2.698	-0.0113144
2.699	-0.0113892
2.7	-0.0114644
2.701	-0.0115399
2.702	-0.0116157
2.703	-0.0116919
2.704	-0.0117684
2.705	-0.0118453
2.706	-0.0119226
2.707	-0.0120002
2.708	-0.0120782
2.709	-0.0121566
2.71	-0.0122354
2.711	-0.0123145
2.712	-0.0123941
2.713	-0.012474
2.714	-0.0125543
2.715	-0.0126351
2.716	-0.0127162
2.717	-0.0127978
2.718	-0.0128798
2.719	-0.0129622
2.72	-0.013045
2.721	-0.0131282
2.722	-0.0132119
2.723	-0.0132961
2.724	-0.0133806
2.725	-0.0134657
2.726	-0.0135512
2.727	-0.0136371
2.728	-0.0137236
2.729	-0.0138105
2.73	-0.0138978
2.731	-0.0139857
2.732	-0.0140741
2.733	-0.0141629
2.734	-0.0142523
2.735	-0.0143422
2.736	-0.0144325
2.737	-0.0145235
2.738	-0.0146149
2.739	-0.0147069
2.74	-0.0147994
2.741	-0.0148924
2.742	-0.0149861
2.743	-0.0150802
2.744	-0.015175
2.745	-0.0152703
2.746	-0.0153662
2.747	-0.0154627
2.748	-0.0155598
2.749	-0.0156575
2.75	-0.0157558
2.751	-0.0158547
2.752	-0.0159543
2.753	-0.0160545
2.754	-0.0161553
2.755	-0.0162568
2.756	-0.016359
2.757	-0.0164618
2.758	-0.0165653
2.759	-0.0166695
2.76	-0.0167744
2.761	-0.0168799
2.762	-0.0169862
2.763	-0.0170933
2.764	-0.017201
2.765	-0.0173095
2.766	-0.0174188
2.767	-0.0175288
2.768	-0.0176396
2.769	-0.0177511
2.77	-0.0178635
2.771	-0.0179767
2.772	-0.0180907
2.773	-0.0182055
2.774	-0.0183211
2.775	-0.0184376
2.776	-0.018555
2.777	-0.0186732
2.778	-0.0187923
2.779	-0.0189123
2.78	-0.0190332
2.781	-0.0191551
2.782	-0.0192779
2.783	-0.0194016
2.784	-0.0195263
2.785	-0.019652
2.786	-0.0197786
2.787	-0.0199063
2.788	-0.020035
2.789	-0.0201647
2.79	-0.0202954
2.791	-0.0204273
2.792	-0.0205602
2.793	-0.0206942
2.794	-0.0208293
2.795	-0.0209655
2.796	-0.0211029
2.797	-0.0212415
2.798	-0.0213812
2.799	-0.0215221
2.8	-0.0216643
2.801	-0.0218077
2.802	-0.0219523
2.803	-0.0220982
2.804	-0.0222454
2.805	-0.0223939
2.806	-0.0225438
2.807	-0.022695
2.808	-0.0228476
2.809	-0.0230016
2.81	-0.023157
2.811	-0.0233138
2.812	-0.0234722
2.813	-0.023632
2.814	-0.0237933
2.815	-0.0239562
2.816	-0.0241206
2.817	-0.0242866
2.818	-0.0244543
2.819	-0.0246236
2.82	-0.0247945
2.821	-0.0249672
2.822	-0.0251416
2.823	-0.0253177
2.824	-0.0254957
2.825	-0.0256755
2.826	-0.0258571
2.827	-0.0260406
2.828	-0.026226
2.829	-0.0264134
2.83	-0.0266028
2.831	-0.0267942
2.832	-0.0269876
2.833	-0.0271832
2.834	-0.0273809
2.835	-0.0275807
2.836	-0.0277828
2.837	-0.0279871
2.838	-0.0281937
2.839	-0.0284027
2.84	-0.0286141
2.841	-0.0288279
2.842	-0.0290441
2.843	-0.0292629
2.844	-0.0294843
2.845	-0.0297082
2.846	-0.0299349
2.847	-0.0301643
2.848	-0.0303965
2.849	-0.0306315
2.85	-0.0308694
2.851	-0.0311102
2.852	-0.0313541
2.853	-0.031601
2.854	-0.0318511
2.855	-0.0321044
2.856	-0.0323609
2.857	-0.0326208
2.858	-0.0328841
2.859	-0.0331509
2.86	-0.0334212
2.861	-0.0336952
2.862	-0.0339729
2.863	-0.0342544
2.864	-0.0345397
2.865	-0.0348291
2.866	-0.0351224
2.867	-0.03542
2.868	-0.0357218
2.869	-0.0360279
2.87	-0.0363384
2.871	-0.0366535
2.872	-0.0369733
2.873	-0.0372978
2.874	-0.0376272
2.875	-0.0379615
2.876	-0.038301
2.877	-0.0386457
2.878	-0.0389958
2.879	-0.0393514
2.88	-0.0397126
2.881	-0.0400796
2.882	-0.0404526
2.883	-0.0408316
2.884	-0.0412168
2.885	-0.0416085
2.886	-0.0420067
2.887	-0.0424116
2.888	-0.0428235
2.889	-0.0432425
2.89	-0.0436688
2.891	-0.0441026
2.892	-0.0445441
2.893	-0.0449935
2.894	-0.0454511
2.895	-0.0459171
2.896	-0.0463918
2.897	-0.0468753
2.898	-0.0473679
2.899	-0.04787
2.9	-0.0483818
2.901	-0.0489035
2.902	-0.0494356
2.903	-0.0499783
2.904	-0.0505319
2.905	-0.0510969
2.906	-0.0516735
2.907	-0.0522621
2.908	-0.0528632
2.909	-0.0534771
2.91	-0.0541042
2.911	-0.0547451
2.912	-0.0554001
2.913	-0.0560699
2.914	-0.0567548
2.915	-0.0574554
2.916	-0.0581723
2.917	-0.0589061
2.918	-0.0596573
2.919	-0.0604267
2.92	-0.0612149
2.921	-0.0620227
2.922	-0.0628507
2.923	-0.0636998
2.924	-0.0645708
2.925	-0.0654646
2.926	-0.066382
2.927	-0.0673242
2.928	-0.068292
2.929	-0.0692867
2.93	-0.0703093
2.931	-0.071361
2.932	-0.0724432
2.933	-0.0735572
2.934	-0.0747045
2.935	-0.0758865
2.936	-0.077105
2.937	-0.0783616
2.938	-0.0796582
2.939	-0.0809967
2.94	-0.0823794
2.941	-0.0838083
2.942	-0.0852859
2.943	-0.0868149
2.944	-0.0883978
2.945	-0.0900376
2.946	-0.0917376
2.947	-0.0935012
2.948	-0.0953319
2.949	-0.0972337
2.95	-0.099211
2.951	-0.101268
2.952	-0.103411
2.953	-0.105643
2.954	-0.107973
2.955	-0.110404
2.956	-0.112946
2.957	-0.115605
2.958	-0.11839
2.959	-0.12131
2.96	-0.124376
2.961	-0.127597
2.962	-0.130987
2.963	-0.13456
2.964	-0.13833
2.965	-0.142315
2.966	-0.146533
2.967	-0.151006
2.968	-0.155757
2.969	-0.160814
2.97	-0.166207
2.971	-0.17197
2.972	-0.178144
2.973	-0.184774
2.974	-0.191913
2.975	-0.199622
2.976	-0.207972
2.977	-0.217046
2.978	-0.226944
2.979	-0.237783
2.98	-0.249704
2.981	-0.262878
2.982	-0.277515
2.983	-0.293871
2.984	-0.31227
2.985	-0.33312
2.986	-0.356945
2.987	-0.384434
2.988	-0.416502
2.989	-0.454397
2.99	-0.499868
2.991	-0.55544
2.992	-0.624901
2.993	-0.714203
2.994	-0.833267
2.995	-0.99995
2.996	-1.24997
2.997	-1.66665
2.998	-2.5
2.999	-5.00002
3.001	4.99995
3.002	2.49994
3.003	1.66659
3.004	1.2499
3.005	0.999886
3.006	0.833203
3.007	0.714139
3.008	0.624837
3.009	0.555376
3.01	0.499804
3.011	0.454333
3.012	0.416438
3.013	0.38437
3.014	0.356881
3.015	0.333055
3.016	0.312205
3.017	0.293807
3.018	0.27745
3.019	0.262814
3.02	0.24964
3.021	0.237719
3.022	0.22688
3.023	0.216982
3.024	0.207907
3.025	0.199558
3.026	0.191849
3.027	0.18471
3.028	0.17808
3.029	0.171906
3.03	0.166142
3.031	0.160749
3.032	0.155693
3.033	0.150941
3.034	0.146469
3.035	0.14225
3.036	0.138266
3.037	0.134496
3.038	0.130923
3.039	0.127533
3.04	0.124311
3.041	0.121246
3.042	0.118326
3.043	0.115541
3.044	0.112882
3.045	0.11034
3.046	0.107908
3.047	0.105579
3.048	0.103346
3.049	0.101204
3.05	0.0991464
3.051	0.0971691
3.052	0.0952673
3.053	0.0934365
3.054	0.091673
3.055	0.089973
3.056	0.0883331
3.057	0.0867502
3.058	0.0852213
3.059	0.0837436
3.06	0.0823147
3.061	0.080932
3.062	0.0795935
3.063	0.0782969
3.064	0.0770402
3.065	0.0758218
3.066	0.0746397
3.067	0.0734925
3.068	0.0723785
3.069	0.0712963
3.07	0.0702445
3.071	0.0692219
3.072	0.0682272
3.073	0.0672594
3.074	0.0663172
3.075	0.0653997
3.076	0.0645059
3.077	0.0636349
3.078	0.0627858
3.079	0.0619578
3.08	0.06115
3.081	0.0603618
3.082	0.0595924
3.083	0.0588411
3.084	0.0581073
3.085	0.0573904
3.086	0.0566898
3.087	0.0560049
3.088	0.0553351
3.089	0.05468
3.09	0.0540392
3.091	0.053412
3.092	0.0527981
3.093	0.052197
3.094	0.0516084
3.095	0.0510317
3.096	0.0504668
3.097	0.0499131
3.098	0.0493704
3.099	0.0488383
3.1	0.0483166
3.101	0.0478048
3.102	0.0473027
3.103	0.04681
3.104	0.0463265
3.105	0.0458518
3.106	0.0453858
3.107	0.0449282
3.108	0.0444787
3.109	0.0440372
3.11	0.0436034
3.111	0.0431771
3.112	0.0427581
3.113	0.0423462
3.114	0.0419412
3.115	0.041543
3.116	0.0411513
3.117	0.040766
3.118	0.040387
3.119	0.0400141
3.12	0.039647
3.121	0.0392858
3.122	0.0389302
3.123	0.0385801
3.124	0.0382354
3.125	0.0378958
3.126	0.0375615
3.127	0.0372321
3.128	0.0369075
3.129	0.0365878
3.13	0.0362726
3.131	0.0359621
3.132	0.0356559
3.133	0.0353541
3.134	0.0350566
3.135	0.0347632
3.136	0.0344738
3.137	0.0341884
3.138	0.0339069
3.139	0.0336292
3.14	0.0333552
3.141	0.0330848
3.142	0.032818
3.143	0.0325547
3.144	0.0322948
3.145	0.0320382
3.146	0.0317849
3.147	0.0315348
3.148	0.0312879
3.149	0.031044
3.15	0.0308031
3.151	0.0305652
3.152	0.0303301
3.153	0.0300979
3.154	0.0298685
3.155	0.0296419
3.156	0.0294178
3.157	0.0291965
3.158	0.0289776
3.159	0.0287614
3.16	0.0285475
3.161	0.0283362
3.162	0.0281272
3.163	0.0279205
3.164	0.0277162
3.165	0.0275141
3.166	0.0273142
3.167	0.0271165
3.168	0.0269209
3.169	0.0267274
3.17	0.026536
3.171	0.0263466
3.172	0.0261592
3.173	0.0259737
3.174	0.0257902
3.175	0.0256085
3.176	0.0254287
3.177	0.0252507
3.178	0.0250746
3.179	0.0249001
3.18	0.0247274
3.181	0.0245564
3.182	0.0243871
3.183	0.0242194
3.184	0.0240534
3.185	0.0238889
3.186	0.023726
3.187	0.0235647
3.188	0.0234048
3.189	0.0232465
3.19	0.0230896
3.191	0.0229341
3.192	0.0227801
3.193	0.0226275
3.194	0.0224763
3.195	0.0223264
3.196	0.0221778
3.197	0.0220306
3.198	0.0218846
3.199	0.02174
3.2	0.0215965
3.201	0.0214544
3.202	0.0213134
3.203	0.0211736
3.204	0.021035
3.205	0.0208976
3.206	0.0207613
3.207	0.0206262
3.208	0.0204921
3.209	0.0203592
3.21	0.0202273
3.211	0.0200965
3.212	0.0199668
3.213	0.0198381
3.214	0.0197104
3.215	0.0195837
3.216	0.019458
3.217	0.0193332
3.218	0.0192095
3.219	0.0190867
3.22	0.0189648
3.221	0.0188438
3.222	0.0187238
3.223	0.0186046
3.224	0.0184864
3.225	0.018369
3.226	0.0182524
3.227	0.0181367
3.228	0.0180219
3.229	0.0179079
3.23	0.0177947
3.231	0.0176823
3.232	0.0175707
3.233	0.0174598
3.234	0.0173498
3.235	0.0172405
3.236	0.0171319
3.237	0.0170241
3.238	0.0169171
3.239	0.0168107
3.24	0.0167051
3.241	0.0166002
3.242	0.016496
3.243	0.0163924
3.244	0.0162896
3.245	0.0161874
3.246	0.0160858
3.247	0.015985
3.248	0.0158847
3.249	0.0157851
3.25	0.0156861
3.251	0.0155878
3.252	0.01549
3.253	0.0153929
3.254	0.0152964
3.255	0.0152004
3.256	0.0151051
3.257	0.0150103
3.258	0.014916
3.259	0.0148224
3.26	0.0147293
3.261	0.0146367
3.262	0.0145447
3.263	0.0144532
3.264	0.0143623
3.265	0.0142718
3.266	0.0141819
3.267	0.0140925
3.268	0.0140036
3.269	0.0139152
3.27	0.0138273
3.271	0.0137399
3.272	0.0136529
3.273	0.0135664
3.274	0.0134804
3.275	0.0133949
3.276	0.0133098
3.277	0.0132252
3.278	0.013141
3.279	0.0130573
3.28	0.012974
3.281	0.0128911
3.282	0.0128086
3.283	0.0127266
3.284	0.012645
3.285	0.0125638
3.286	0.012483
3.287	0.0124026
3.288	0.0123227
3.289	0.0122431
3.29	0.0121639
3.291	0.0120851
3.292	0.0120066
3.293	0.0119286
3.294	0.0118509
3.295	0.0117736
3.296	0.0116966
3.297	0.01162
3.298	0.0115438
3.299	0.0114679
3.3	0.0113924
3.301	0.0113172
3.302	0.0112423
3.303	0.0111678
3.304	0.0110936
3.305	0.0110198
3.306	0.0109462
3.307	0.010873
3.308	0.0108001
3.309	0.0107276
3.31	0.0106553
3.311	0.0105833
3.312	0.0105117
3.313	0.0104403
3.314	0.0103693
3.315	0.0102985
3.316	0.0102281
3.317	0.0101579
3.318	0.010088
3.319	0.0100184
3.32	0.00994908
3.321	0.00988002
3.322	0.00981124
3.323	0.00974273
3.324	0.00967449
3.325	0.00960651
3.326	0.00953879
3.327	0.00947133
3.328	0.00940413
3.329	0.00933718
3.33	0.00927048
3.331	0.00920403
3.332	0.00913782
3.333	0.00907185
3.334	0.00900612
3.335	0.00894064
3.336	0.00887538
3.337	0.00881036
3.338	0.00874556
3.339	0.008681
3.34	0.00861665
3.341	0.00855253
3.342	0.00848863
3.343	0.00842495
3.344	0.00836148
3.345	0.00829822
3.346	0.00823517
3.347	0.00817233
3.348	0.0081097
3.349	0.00804727
3.35	0.00798504
3.351	0.00792301
3.352	0.00786118
3.353	0.00779954
3.354	0.00773809
3.355	0.00767684
3.356	0.00761577
3.357	0.00755489
3.358	0.00749419
3.359	0.00743368
3.36	0.00737334
3.361	0.00731319
3.362	0.00725321
3.363	0.0071934
3.364	0.00713377
3.365	0.00707431
3.366	0.00701501
3.367	0.00695588
3.368	0.00689692
3.369	0.00683812
3.37	0.00677948
3.371	0.006721
3.372	0.00666268
3.373	0.00660451
3.374	0.0065465
3.375	0.00648864
3.376	0.00643093
3.377	0.00637337
3.378	0.00631595
3.379	0.00625868
3.38	0.00620156
3.381	0.00614457
3.382	0.00608773
3.383	0.00603103
3.384	0.00597446
3.385	0.00591803
3.386	0.00586173
3.387	0.00580556
3.388	0.00574953
3.389	0.00569362
3.39	0.00563784
3.391	0.00558219
3.392	0.00552666
3.393	0.00547126
3.394	0.00541597
3.395	0.00536081
3.396	0.00530577
3.397	0.00525084
3.398	0.00519603
3.399	0.00514133
3.4	0.00508674
3.401	0.00503227
3.402	0.00497791
3.403	0.00492365
3.404	0.0048695
3.405	0.00481546
3.406	0.00476152
3.407	0.00470769
3.408	0.00465395
3.409	0.00460032
3.41	0.00454679
3.411	0.00449335
3.412	0.00444001
3.413	0.00438677
3.414	0.00433361
3.415	0.00428056
3.416	0.00422759
3.417	0.00417471
3.418	0.00412192
3.419	0.00406922
3.42	0.0040166
3.421	0.00396407
3.422	0.00391162
3.423	0.00385926
3.424	0.00380698
3.425	0.00375477
3.426	0.00370265
3.427	0.0036506
3.428	0.00359863
3.429	0.00354673
3.43	0.00349491
3.431	0.00344316
3.432	0.00339148
3.433	0.00333987
3.434	0.00328833
3.435	0.00323686
3.436	0.00318546
3.437	0.00313412
3.438	0.00308285
3.439	0.00303164
3.44	0.00298049
3.441	0.0029294
3.442	0.00287838
3.443	0.00282741
3.444	0.0027765
3.445	0.00272565
3.446	0.00267485
3.447	0.00262411
3.448	0.00257342
3.449	0.00252279
3.45	0.0024722
3.451	0.00242167
3.452	0.00237118
3.453	0.00232075
3.454	0.00227036
3.455	0.00222002
3.456	0.00216972
3.457	0.00211946
3.458	0.00206925
3.459	0.00201908
3.46	0.00196895
3.461	0.00191886
3.462	0.00186881
3.463	0.0018188
3.464	0.00176882
3.465	0.00171888
3.466	0.00166898
3.467	0.0016191
3.468	0.00156926
3.469	0.00151945
3.47	0.00146968
3.471	0.00141993
3.472	0.00137021
3.473	0.00132052
3.474	0.00127085
3.475	0.00122121
3.476	0.0011716
3.477	0.001122
3.478	0.00107243
3.479	0.00102289
3.48	0.000973358
3.481	0.00092385
3.482	0.000874361
3.483	0.000824889
3.484	0.000775434
3.485	0.000725994
3.486	0.000676569
3.487	0.000627157
3.488	0.000577759
3.489	0.000528372
3.49	0.000478995
3.491	0.000429629
3.492	0.000380271
3.493	0.00033092
3.494	0.000281577
3.495	0.00023224
3.496	0.000182907
3.497	0.000133578
3.498	8.4252e-05
3.499	3.49279e-05
3.5	-1.43953e-05
3.501	-6.37184e-05
3.502	-0.000113043
3.503	-0.000162369
3.504	-0.000211698
3.505	-0.000261031
3.506	-0.000310369
3.507	-0.000359713
3.508	-0.000409064
3.509	-0.000458422
3.51	-0.000507789
3.511	-0.000557167
3.512	-0.000606555
3.513	-0.000655954
3.514	-0.000705367
3.515	-0.000754793
3.516	-0.000804234
3.517	-0.00085369
3.518	-0.000903163
3.519	-0.000952654
3.52	-0.00100216
3.521	-0.00105169
3.522	-0.00110124
3.523	-0.00115081
3.524	-0.00120041
3.525	-0.00125002
3.526	-0.00129967
3.527	-0.00134933
3.528	-0.00139903
3.529	-0.00144875
3.53	-0.0014985
3.531	-0.00154828
3.532	-0.00159809
3.533	-0.00164793
3.534	-0.00169781
3.535	-0.00174772
3.536	-0.00179766
3.537	-0.00184764
3.538	-0.00189766
3.539	-0.00194771
3.54	-0.0019978
3.541	-0.00204793
3.542	-0.00209811
3.543	-0.00214832
3.544	-0.00219858
3.545	-0.00224888
3.546	-0.00229923
3.547	-0.00234962
3.548	-0.00240006
3.549	-0.00245055
3.55	-0.00250109
3.551	-0.00255168
3.552	-0.00260232
3.553	-0.00265301
3.554	-0.00270375
3.555	-0.00275455
3.556	-0.00280541
3.557	-0.00285632
3.558	-0.00290729
3.559	-0.00295832
3.56	-0.00300942
3.561	-0.00306057
3.562	-0.00311178
3.563	-0.00316306
3.564	-0.0032144
3.565	-0.00326581
3.566	-0.00331729
3.567	-0.00336883
3.568	-0.00342044
3.569	-0.00347213
3.57	-0.00352388
3.571	-0.00357571
3.572	-0.00362761
3.573	-0.00367959
3.574	-0.00373164
3.575	-0.00378377
3.576	-0.00383598
3.577	-0.00388827
3.578	-0.00394064
3.579	-0.0039931
3.58	-0.00404563
3.581	-0.00409825
3.582	-0.00415096
3.583	-0.00420376
3.584	-0.00425664
3.585	-0.00430962
3.586	-0.00436268
3.587	-0.00441584
3.588	-0.00446909
3.589	-0.00452244
3.59	-0.00457588
3.591	-0.00462942
3.592	-0.00468306
3.593	-0.0047368
3.594	-0.00479064
3.595	-0.00484459
3.596	-0.00489864
3.597	-0.00495279
3.598	-0.00500706
3.599	-0.00506143
3.6	-0.00511591
3.601	-0.0051705
3.602	-0.00522521
3.603	-0.00528003
3.604	-0.00533496
3.605	-0.00539001
3.606	-0.00544518
3.607	-0.00550048
3.608	-0.00555589
3.609	-0.00561142
3.61	-0.00566709
3.611	-0.00572287
3.612	-0.00577879
3.613	-0.00583483
3.614	-0.005891
3.615	-0.00594731
3.616	-0.00600375
3.617	-0.00606033
3.618	-0.00611704
3.619	-0.00617389
3.62	-0.00623089
3.621	-0.00628802
3.622	-0.0063453
3.623	-0.00640272
3.624	-0.00646029
3.625	-0.00651801
3.626	-0.00657588
3.627	-0.00663391
3.628	-0.00669208
3.629	-0.00675041
3.63	-0.0068089
3.631	-0.00686755
3.632	-0.00692636
3.633	-0.00698534
3.634	-0.00704447
3.635	-0.00710378
3.636	-0.00716325
3.637	-0.0072229
3.638	-0.00728271
3.639	-0.0073427
3.64	-0.00740287
3.641	-0.00746321
3.642	-0.00752374
3.643	-0.00758445
3.644	-0.00764534
3.645	-0.00770642
3.646	-0.00776768
3.647	-0.00782914
3.648	-0.00789079
3.649	-0.00795263
3.65	-0.00801468
3.651	-0.00807692
3.652	-0.00813936
3.653	-0.008202
3.654	-0.00826485
3.655	-0.00832791
3.656	-0.00839118
3.657	-0.00845466
3.658	-0.00851836
3.659	-0.00858227
3.66	-0.0086464
3.661	-0.00871076
3.662	-0.00877534
3.663	-0.00884014
3.664	-0.00890518
3.665	-0.00897045
3.666	-0.00903595
3.667	-0.00910169
3.668	-0.00916767
3.669	-0.00923389
3.67	-0.00930035
3.671	-0.00936707
3.672	-0.00943403
3.673	-0.00950125
3.674	-0.00956872
3.675	-0.00963645
3.676	-0.00970444
3.677	-0.0097727
3.678	-0.00984122
3.679	-0.00991002
3.68	-0.00997908
3.681	-0.0100484
3.682	-0.010118
3.683	-0.010188
3.684	-0.0102581
3.685	-0.0103286
3.686	-0.0103994
3.687	-0.0104705
3.688	-0.0105418
3.689	-0.0106135
3.69	-0.0106854
3.691	-0.0107577
3.692	-0.0108303
3.693	-0.0109032
3.694	-0.0109764
3.695	-0.01105
3.696	-0.0111238
3.697	-0.011198
3.698	-0.0112726
3.699	-0.0113474
3.7	-0.0114227
3.701	-0.0114982
3.702	-0.0115741
3.703	-0.0116504
3.704	-0.011727
3.705	-0.0118039
3.706	-0.0118813
3.707	-0.011959
3.708	-0.012037
3.709	-0.0121155
3.71	-0.0121943
3.711	-0.0122735
3.712	-0.0123531
3.713	-0.0124331
3.714	-0.0125135
3.715	-0.0125943
3.716	-0.0126756
3.717	-0.0127572
3.718	-0.0128392
3.719	-0.0129217
3.72	-0.0130046
3.721	-0.0130879
3.722	-0.0131716
3.723	-0.0132558
3.724	-0.0133405
3.725	-0.0134256
3.726	-0.0135112
3.727	-0.0135972
3.728	-0.0136837
3.729	-0.0137706
3.73	-0.0138581
3.731	-0.013946
3.732	-0.0140344
3.733	-0.0141234
3.734	-0.0142128
3.735	-0.0143027
3.736	-0.0143932
3.737	-0.0144841
3.738	-0.0145756
3.739	-0.0146677
3.74	-0.0147602
3.741	-0.0148534
3.742	-0.014947
3.743	-0.0150413
3.744	-0.0151361
3.745	-0.0152315
3.746	-0.0153275
3.747	-0.015424
3.748	-0.0155212
3.749	-0.0156189
3.75	-0.0157173
3.751	-0.0158163
3.752	-0.0159159
3.753	-0.0160162
3.754	-0.0161171
3.755	-0.0162186
3.756	-0.0163208
3.757	-0.0164237
3.758	-0.0165273
3.759	-0.0166315
3.76	-0.0167365
3.761	-0.0168421
3.762	-0.0169485
3.763	-0.0170556
3.764	-0.0171634
3.765	-0.0172719
3.766	-0.0173812
3.767	-0.0174913
3.768	-0.0176022
3.769	-0.0177138
3.77	-0.0178262
3.771	-0.0179394
3.772	-0.0180535
3.773	-0.0181684
3.774	-0.0182841
3.775	-0.0184006
3.776	-0.018518
3.777	-0.0186363
3.778	-0.0187555
3.779	-0.0188756
3.78	-0.0189965
3.781	-0.0191185
3.782	-0.0192413
3.783	-0.0193651
3.784	-0.0194898
3.785	-0.0196156
3.786	-0.0197423
3.787	-0.01987
3.788	-0.0199987
3.789	-0.0201285
3.79	-0.0202593
3.791	-0.0203912
3.792	-0.0205242
3.793	-0.0206582
3.794	-0.0207934
3.795	-0.0209297
3.796	-0.0210672
3.797	-0.0212058
3.798	-0.0213456
3.799	-0.0214866
3.8	-0.0216288
3.801	-0.0217722
3.802	-0.0219169
3.803	-0.0220629
3.804	-0.0222101
3.805	-0.0223587
3.806	-0.0225086
3.807	-0.0226599
3.808	-0.0228125
3.809	-0.0229666
3.81	-0.023122
3.811	-0.0232789
3.812	-0.0234373
3.813	-0.0235972
3.814	-0.0237586
3.815	-0.0239215
3.816	-0.024086
3.817	-0.0242521
3.818	-0.0244198
3.819	-0.0245891
3.82	-0.0247601
3.821	-0.0249328
3.822	-0.0251073
3.823	-0.0252835
3.824	-0.0254615
3.825	-0.0256413
3.826	-0.025823
3.827	-0.0260066
3.828	-0.0261921
3.829	-0.0263795
3.83	-0.0265689
3.831	-0.0267604
3.832	-0.0269539
3.833	-0.0271495
3.834	-0.0273472
3.835	-0.0275471
3.836	-0.0277493
3.837	-0.0279536
3.838	-0.0281603
3.839	-0.0283693
3.84	-0.0285808
3.841	-0.0287946
3.842	-0.0290109
3.843	-0.0292297
3.844	-0.0294512
3.845	-0.0296752
3.846	-0.0299019
3.847	-0.0301313
3.848	-0.0303636
3.849	-0.0305986
3.85	-0.0308366
3.851	-0.0310775
3.852	-0.0313214
3.853	-0.0315684
3.854	-0.0318185
3.855	-0.0320718
3.856	-0.0323284
3.857	-0.0325884
3.858	-0.0328517
3.859	-0.0331186
3.86	-0.033389
3.861	-0.033663
3.862	-0.0339407
3.863	-0.0342223
3.864	-0.0345077
3.865	-0.0347971
3.866	-0.0350905
3.867	-0.0353881
3.868	-0.0356899
3.869	-0.0359961
3.87	-0.0363067
3.871	-0.0366218
3.872	-0.0369416
3.873	-0.0372662
3.874	-0.0375956
3.875	-0.03793
3.876	-0.0382696
3.877	-0.0386143
3.878	-0.0389645
3.879	-0.0393201
3.88	-0.0396814
3.881	-0.0400484
3.882	-0.0404214
3.883	-0.0408005
3.884	-0.0411858
3.885	-0.0415775
3.886	-0.0419757
3.887	-0.0423807
3.888	-0.0427927
3.889	-0.0432117
3.89	-0.043638
3.891	-0.0440719
3.892	-0.0445135
3.893	-0.044963
3.894	-0.0454206
3.895	-0.0458866
3.896	-0.0463613
3.897	-0.0468449
3.898	-0.0473376
3.899	-0.0478397
3.9	-0.0483515
3.901	-0.0488733
3.902	-0.0494055
3.903	-0.0499482
3.904	-0.0505019
3.905	-0.0510669
3.906	-0.0516435
3.907	-0.0522322
3.908	-0.0528333
3.909	-0.0534472
3.91	-0.0540744
3.911	-0.0547154
3.912	-0.0553705
3.913	-0.0560402
3.914	-0.0567252
3.915	-0.0574259
3.916	-0.0581428
3.917	-0.0588766
3.918	-0.059628
3.919	-0.0603974
3.92	-0.0611857
3.921	-0.0619934
3.922	-0.0628215
3.923	-0.0636706
3.924	-0.0645417
3.925	-0.0654355
3.926	-0.066353
3.927	-0.0672952
3.928	-0.0682631
3.929	-0.0692578
3.93	-0.0702805
3.931	-0.0713323
3.932	-0.0724145
3.933	-0.0735285
3.934	-0.0746758
3.935	-0.0758579
3.936	-0.0770764
3.937	-0.0783331
3.938	-0.0796297
3.939	-0.0809683
3.94	-0.082351
3.941	-0.08378
3.942	-0.0852577
3.943	-0.0867866
3.944	-0.0883696
3.945	-0.0900095
3.946	-0.0917095
3.947	-0.0934731
3.948	-0.0953039
3.949	-0.0972058
3.95	-0.0991831
3.951	-0.10124
3.952	-0.103383
3.953	-0.105616
3.954	-0.107945
3.955	-0.110377
3.956	-0.112918
3.957	-0.115578
3.958	-0.118363
3.959	-0.121283
3.96	-0.124348
3.961	-0.12757
3.962	-0.13096
3.963	-0.134533
3.964	-0.138303
3.965	-0.142288
3.966	-0.146506
3.967	-0.150979
3.968	-0.15573
3.969	-0.160787
3.97	-0.16618
3.971	-0.171943
3.972	-0.178117
3.973	-0.184748
3.974	-0.191886
3.975	-0.199595
3.976	-0.207945
3.977	-0.217019
3.978	-0.226917
3.979	-0.237756
3.98	-0.249678
3.981	-0.262852
3.982	-0.277488
3.983	-0.293845
3.984	-0.312243
3.985	-0.333093
3.986	-0.356919
3.987	-0.384408
3.988	-0.416476
3.989	-0.454371
3.99	-0.499842
3.991	-0.555414
3.992	-0.624875
3.993	-0.714177
3.994	-0.833241
3.995	-0.999924
3.996	-1.24994
3.997	-1.66662
3.998	-2.49997
3.999	-4.99999
